***
16.0
91.0
14.0 0.0
14.05 0.0
14.1 0.0
14.15 0.0
14.2 0.0
14.25 0.0
14.3 0.0
14.35 0.0
14.4 0.0
14.45 0.0
14.5 0.0
14.55 1.065586077137563e-07
14.6 0.0
14.65 0.0
14.7 0.0
14.75 0.0
14.8 0.0
14.85 0.0
14.9 0.0
14.95 1.065586077137563e-07
15.0 1.065586077137563e-07
15.05 1.065586077137563e-07
15.1 1.065586077137563e-07
15.15 1.065586077137563e-07
15.2 2.131172154275126e-07
15.25 2.131172154275126e-07
15.3 6.393516462825378e-07
15.35 6.393516462825378e-07
15.4 4.262344308550252e-07
15.45 5.327930385687815e-07
15.5 8.524688617100504e-07
15.55 8.524688617100504e-07
15.6 1.385261900278832e-06
15.65 1.385261900278832e-06
15.7 3.3033168391264455e-06
15.75 3.7295512699814706e-06
15.8 6.606633678252891e-06
15.85 1.2041122671654461e-05
15.9 2.1844514581320042e-05
15.95 5.1148131702603026e-05
16.0 0.0
16.05 0.0
16.1 0.0
16.15 0.0
16.2 0.0
16.25 0.0
16.3 0.0
16.35 0.0
16.4 0.0
16.45 0.0
16.5 0.0
16.55 0.0
16.6 0.0
16.65 0.0
16.7 0.0
16.75 0.0
16.8 0.0
16.85 0.0
16.9 0.0
16.95 0.0
17.0 0.0
17.05 0.0
17.1 0.0
17.15 0.0
17.2 0.0
17.25 0.0
17.3 0.0
17.35 0.0
17.4 0.0
17.45 0.0
17.5 0.0
17.55 0.0
17.6 0.0
17.65 0.0
17.7 0.0
17.75 0.0
17.8 0.0
17.85 0.0
17.9 0.0
17.95 0.0
18.0 0.0
18.05 0.0
18.1 0.0
18.15 0.0
18.2 0.0
18.25 0.0
18.3 0.0
18.35 0.0
18.4 0.0
18.45 0.0
18.5 0.0
18.55 0.0
18.6 0.0
18.65 0.0
18.7 0.0
18.75 0.0
18.8 0.0
18.85 0.0
18.9 0.0
18.95 0.0
19.0
***
16.0
90.66666666666667
14.0 0.0
14.05 0.0
14.1 0.0
14.15 0.0
14.2 0.0
14.25 0.0
14.3 0.0
14.35 0.0
14.4 0.0
14.45 0.0
14.5 0.0
14.55 0.0
14.6 0.0
14.65 0.0
14.7 0.0
14.75 2.0525841264432873e-07
14.8 1.0262920632216437e-07
14.85 0.0
14.9 0.0
14.95 1.0262920632216437e-07
15.0 1.0262920632216437e-07
15.05 3.078876189664931e-07
15.1 0.0
15.15 1.0262920632216437e-07
15.2 2.0525841264432873e-07
15.25 1.0262920632216437e-07
15.3 2.0525841264432873e-07
15.35 7.184044442551506e-07
15.4 4.1051682528865747e-07
15.45 9.236628568994793e-07
15.5 7.184044442551506e-07
15.55 6.157752379329862e-07
15.6 1.6420673011546299e-06
15.65 2.1552133327654516e-06
15.7 2.8736177770206023e-06
15.75 3.7972806339200815e-06
15.8 5.849864760363369e-06
15.85 9.236628568994793e-06
15.9 2.442575110467512e-05
15.95 4.772258093980643e-05
16.0 0.0
16.05 0.0
16.1 0.0
16.15 0.0
16.2 0.0
16.25 0.0
16.3 0.0
16.35 0.0
16.4 0.0
16.45 0.0
16.5 0.0
16.55 0.0
16.6 0.0
16.65 0.0
16.7 0.0
16.75 0.0
16.8 0.0
16.85 0.0
16.9 0.0
16.95 0.0
17.0 0.0
17.05 0.0
17.1 0.0
17.15 0.0
17.2 0.0
17.25 0.0
17.3 0.0
17.35 0.0
17.4 0.0
17.45 0.0
17.5 0.0
17.55 0.0
17.6 0.0
17.65 0.0
17.7 0.0
17.75 0.0
17.8 0.0
17.85 0.0
17.9 0.0
17.95 0.0
18.0 0.0
18.05 0.0
18.1 0.0
18.15 0.0
18.2 0.0
18.25 0.0
18.3 0.0
18.35 0.0
18.4 0.0
18.45 0.0
18.5 0.0
18.55 0.0
18.6 0.0
18.65 0.0
18.7 0.0
18.75 0.0
18.8 0.0
18.85 0.0
18.9 0.0
18.95 0.0
19.0
***
16.0
90.33333333333333
14.0 0.0
14.05 0.0
14.1 0.0
14.15 0.0
14.2 0.0
14.25 0.0
14.3 0.0
14.35 0.0
14.4 0.0
14.45 0.0
14.5 0.0
14.55 0.0
14.6 0.0
14.65 0.0
14.7 0.0
14.75 0.0
14.8 0.0
14.85 0.0
14.9 2.187277547038224e-07
14.95 1.093638773519112e-07
15.0 1.093638773519112e-07
15.05 2.187277547038224e-07
15.1 0.0
15.15 2.187277547038224e-07
15.2 4.374555094076448e-07
15.25 1.093638773519112e-07
15.3 5.46819386759556e-07
15.35 5.46819386759556e-07
15.4 6.561832641114671e-07
15.45 5.46819386759556e-07
15.5 5.46819386759556e-07
15.55 8.749110188152896e-07
15.6 1.7498220376305791e-06
15.65 2.7340969337977797e-06
15.7 3.1715524432054248e-06
15.75 4.155827339372625e-06
15.8 6.780560395818494e-06
15.85 1.3233029159581254e-05
15.9 2.2638322611845616e-05
15.95 4.976056419511959e-05
16.0 0.0
16.05 0.0
16.1 0.0
16.15 0.0
16.2 0.0
16.25 0.0
16.3 0.0
16.35 0.0
16.4 0.0
16.45 0.0
16.5 0.0
16.55 0.0
16.6 0.0
16.65 0.0
16.7 0.0
16.75 0.0
16.8 0.0
16.85 0.0
16.9 0.0
16.95 0.0
17.0 0.0
17.05 0.0
17.1 0.0
17.15 0.0
17.2 0.0
17.25 0.0
17.3 0.0
17.35 0.0
17.4 0.0
17.45 0.0
17.5 0.0
17.55 0.0
17.6 0.0
17.65 0.0
17.7 0.0
17.75 0.0
17.8 0.0
17.85 0.0
17.9 0.0
17.95 0.0
18.0 0.0
18.05 0.0
18.1 0.0
18.15 0.0
18.2 0.0
18.25 0.0
18.3 0.0
18.35 0.0
18.4 0.0
18.45 0.0
18.5 0.0
18.55 0.0
18.6 0.0
18.65 0.0
18.7 0.0
18.75 0.0
18.8 0.0
18.85 0.0
18.9 0.0
18.95 0.0
19.0
***
16.333333333333332
91.0
14.0 0.0
14.05 0.0
14.1 0.0
14.15 0.0
14.2 0.0
14.25 0.0
14.3 0.0
14.35 0.0
14.4 0.0
14.45 0.0
14.5 0.0
14.55 0.0
14.6 0.0
14.65 0.0
14.7 0.0
14.75 0.0
14.8 0.0
14.85 0.0
14.9 0.0
14.95 0.0
15.0 2.1281465577921076e-07
15.05 1.0640732788960538e-07
15.1 0.0
15.15 1.0640732788960538e-07
15.2 4.2562931155842153e-07
15.25 3.192219836688161e-07
15.3 3.192219836688161e-07
15.35 5.320366394480269e-07
15.4 6.384439673376322e-07
15.45 8.512586231168431e-07
15.5 2.1281465577921076e-07
15.55 9.576659510064485e-07
15.6 1.4897025904544753e-06
15.65 2.021739229902502e-06
15.7 2.9794051809089506e-06
15.75 4.681922427142636e-06
15.8 5.213959066590663e-06
15.85 1.2024028051525408e-05
15.9 2.4899314726167657e-05
15.95 4.8415334189770444e-05
16.0 0.0
16.05 0.0
16.1 0.0
16.15 0.0
16.2 0.0
16.25 0.0
16.3 0.0
16.35 0.0
16.4 0.0
16.45 0.0
16.5 0.0
16.55 0.0
16.6 0.0
16.65 0.0
16.7 0.0
16.75 0.0
16.8 0.0
16.85 0.0
16.9 0.0
16.95 0.0
17.0 0.0
17.05 0.0
17.1 0.0
17.15 0.0
17.2 0.0
17.25 0.0
17.3 0.0
17.35 0.0
17.4 0.0
17.45 0.0
17.5 0.0
17.55 0.0
17.6 0.0
17.65 0.0
17.7 0.0
17.75 0.0
17.8 0.0
17.85 0.0
17.9 0.0
17.95 0.0
18.0 0.0
18.05 0.0
18.1 0.0
18.15 0.0
18.2 0.0
18.25 0.0
18.3 0.0
18.35 0.0
18.4 0.0
18.45 0.0
18.5 0.0
18.55 0.0
18.6 0.0
18.65 0.0
18.7 0.0
18.75 0.0
18.8 0.0
18.85 0.0
18.9 0.0
18.95 0.0
19.0
***
16.333333333333332
90.66666666666667
14.0 0.0
14.05 0.0
14.1 0.0
14.15 0.0
14.2 0.0
14.25 0.0
14.3 0.0
14.35 0.0
14.4 0.0
14.45 0.0
14.5 0.0
14.55 0.0
14.6 9.927381206474638e-08
14.65 0.0
14.7 0.0
14.75 0.0
14.8 0.0
14.85 0.0
14.9 0.0
14.95 0.0
15.0 1.9854762412949275e-07
15.05 9.927381206474638e-08
15.1 9.927381206474638e-08
15.15 5.956428723884783e-07
15.2 9.927381206474638e-08
15.25 1.9854762412949275e-07
15.3 3.970952482589855e-07
15.35 4.963690603237319e-07
15.4 7.94190496517971e-07
15.45 6.949166844532246e-07
15.5 9.927381206474638e-07
15.55 5.956428723884783e-07
15.6 1.290559556841703e-06
15.65 1.8862024292301813e-06
15.7 3.077488174007138e-06
15.75 5.162238227366812e-06
15.8 6.353523972143768e-06
15.85 1.0225202642668877e-05
15.9 2.3527893459344893e-05
15.95 4.2191370127517214e-05
16.0 0.0
16.05 0.0
16.1 0.0
16.15 0.0
16.2 0.0
16.25 0.0
16.3 0.0
16.35 0.0
16.4 0.0
16.45 0.0
16.5 0.0
16.55 0.0
16.6 0.0
16.65 0.0
16.7 0.0
16.75 0.0
16.8 0.0
16.85 0.0
16.9 0.0
16.95 0.0
17.0 0.0
17.05 0.0
17.1 0.0
17.15 0.0
17.2 0.0
17.25 0.0
17.3 0.0
17.35 0.0
17.4 0.0
17.45 0.0
17.5 0.0
17.55 0.0
17.6 0.0
17.65 0.0
17.7 0.0
17.75 0.0
17.8 0.0
17.85 0.0
17.9 0.0
17.95 0.0
18.0 0.0
18.05 0.0
18.1 0.0
18.15 0.0
18.2 0.0
18.25 0.0
18.3 0.0
18.35 0.0
18.4 0.0
18.45 0.0
18.5 0.0
18.55 0.0
18.6 0.0
18.65 0.0
18.7 0.0
18.75 0.0
18.8 0.0
18.85 0.0
18.9 0.0
18.95 0.0
19.0
***
16.333333333333332
90.33333333333333
14.0 0.0
14.05 0.0
14.1 0.0
14.15 0.0
14.2 0.0
14.25 0.0
14.3 0.0
14.35 0.0
14.4 0.0
14.45 0.0
14.5 0.0
14.55 0.0
14.6 0.0
14.65 0.0
14.7 1.0493830205000121e-07
14.75 0.0
14.8 2.0987660410000242e-07
14.85 0.0
14.9 1.0493830205000121e-07
14.95 0.0
15.0 0.0
15.05 0.0
15.1 0.0
15.15 2.0987660410000242e-07
15.2 1.0493830205000121e-07
15.25 2.0987660410000242e-07
15.3 2.0987660410000242e-07
15.35 6.296298123000072e-07
15.4 7.345681143500085e-07
15.45 8.395064164000097e-07
15.5 7.345681143500085e-07
15.55 7.345681143500085e-07
15.6 8.395064164000097e-07
15.65 2.2037043430500253e-06
15.7 2.6234575512500304e-06
15.75 4.5123469881500525e-06
15.8 5.14197680045006e-06
15.85 1.1228398319350129e-05
15.9 2.4870377585850286e-05
15.95 4.869137215120056e-05
16.0 0.0
16.05 0.0
16.1 0.0
16.15 0.0
16.2 0.0
16.25 0.0
16.3 0.0
16.35 0.0
16.4 0.0
16.45 0.0
16.5 0.0
16.55 0.0
16.6 0.0
16.65 0.0
16.7 0.0
16.75 0.0
16.8 0.0
16.85 0.0
16.9 0.0
16.95 0.0
17.0 0.0
17.05 0.0
17.1 0.0
17.15 0.0
17.2 0.0
17.25 0.0
17.3 0.0
17.35 0.0
17.4 0.0
17.45 0.0
17.5 0.0
17.55 0.0
17.6 0.0
17.65 0.0
17.7 0.0
17.75 0.0
17.8 0.0
17.85 0.0
17.9 0.0
17.95 0.0
18.0 0.0
18.05 0.0
18.1 0.0
18.15 0.0
18.2 0.0
18.25 0.0
18.3 0.0
18.35 0.0
18.4 0.0
18.45 0.0
18.5 0.0
18.55 0.0
18.6 0.0
18.65 0.0
18.7 0.0
18.75 0.0
18.8 0.0
18.85 0.0
18.9 0.0
18.95 0.0
19.0
***
16.666666666666668
91.0
14.0 0.0
14.05 0.0
14.1 0.0
14.15 0.0
14.2 0.0
14.25 0.0
14.3 0.0
14.35 0.0
14.4 0.0
14.45 0.0
14.5 0.0
14.55 0.0
14.6 0.0
14.65 0.0
14.7 0.0
14.75 0.0
14.8 0.0
14.85 0.0
14.9 1.0150786894075423e-07
14.95 2.0301573788150845e-07
15.0 0.0
15.05 1.0150786894075423e-07
15.1 1.0150786894075423e-07
15.15 2.0301573788150845e-07
15.2 0.0
15.25 3.0452360682226267e-07
15.3 9.13570820466788e-07
15.35 3.0452360682226267e-07
15.4 7.105550825852796e-07
15.45 3.0452360682226267e-07
15.5 8.120629515260338e-07
15.55 8.120629515260338e-07
15.6 1.827141640933576e-06
15.65 1.827141640933576e-06
15.7 1.6241259030520676e-06
15.75 5.684440660682237e-06
15.8 5.78594852962299e-06
15.85 8.425153122082601e-06
15.9 2.5173951497307046e-05
15.95 4.628758823698392e-05
16.0 0.0
16.05 0.0
16.1 0.0
16.15 0.0
16.2 0.0
16.25 0.0
16.3 0.0
16.35 0.0
16.4 0.0
16.45 0.0
16.5 0.0
16.55 0.0
16.6 0.0
16.65 0.0
16.7 0.0
16.75 0.0
16.8 0.0
16.85 0.0
16.9 0.0
16.95 0.0
17.0 0.0
17.05 0.0
17.1 0.0
17.15 0.0
17.2 0.0
17.25 0.0
17.3 0.0
17.35 0.0
17.4 0.0
17.45 0.0
17.5 0.0
17.55 0.0
17.6 0.0
17.65 0.0
17.7 0.0
17.75 0.0
17.8 0.0
17.85 0.0
17.9 0.0
17.95 0.0
18.0 0.0
18.05 0.0
18.1 0.0
18.15 0.0
18.2 0.0
18.25 0.0
18.3 0.0
18.35 0.0
18.4 0.0
18.45 0.0
18.5 0.0
18.55 0.0
18.6 0.0
18.65 0.0
18.7 0.0
18.75 0.0
18.8 0.0
18.85 0.0
18.9 0.0
18.95 0.0
19.0
***
16.666666666666668
90.66666666666667
14.0 0.0
14.05 0.0
14.1 0.0
14.15 0.0
14.2 0.0
14.25 0.0
14.3 0.0
14.35 0.0
14.4 0.0
14.45 0.0
14.5 0.0
14.55 1.0496085957066181e-07
14.6 0.0
14.65 0.0
14.7 1.0496085957066181e-07
14.75 0.0
14.8 0.0
14.85 2.0992171914132361e-07
14.9 0.0
14.95 1.0496085957066181e-07
15.0 1.0496085957066181e-07
15.05 0.0
15.1 0.0
15.15 5.24804297853309e-07
15.2 1.0496085957066181e-07
15.25 0.0
15.3 4.1984343828264723e-07
15.35 7.347260169946326e-07
15.4 9.446477361359562e-07
15.45 6.297651574239708e-07
15.5 5.24804297853309e-07
15.55 6.297651574239708e-07
15.6 9.446477361359562e-07
15.65 2.204178050983898e-06
15.7 2.8339432084078685e-06
15.75 3.148825787119854e-06
15.8 6.192690714669046e-06
15.85 1.1230811974060812e-05
15.9 2.7079901769230746e-05
15.95 4.6182778211091196e-05
16.0 0.0
16.05 0.0
16.1 0.0
16.15 0.0
16.2 0.0
16.25 0.0
16.3 0.0
16.35 0.0
16.4 0.0
16.45 0.0
16.5 0.0
16.55 0.0
16.6 0.0
16.65 0.0
16.7 0.0
16.75 0.0
16.8 0.0
16.85 0.0
16.9 0.0
16.95 0.0
17.0 0.0
17.05 0.0
17.1 0.0
17.15 0.0
17.2 0.0
17.25 0.0
17.3 0.0
17.35 0.0
17.4 0.0
17.45 0.0
17.5 0.0
17.55 0.0
17.6 0.0
17.65 0.0
17.7 0.0
17.75 0.0
17.8 0.0
17.85 0.0
17.9 0.0
17.95 0.0
18.0 0.0
18.05 0.0
18.1 0.0
18.15 0.0
18.2 0.0
18.25 0.0
18.3 0.0
18.35 0.0
18.4 0.0
18.45 0.0
18.5 0.0
18.55 0.0
18.6 0.0
18.65 0.0
18.7 0.0
18.75 0.0
18.8 0.0
18.85 0.0
18.9 0.0
18.95 0.0
19.0
***
16.666666666666668
90.33333333333333
14.0 0.0
14.05 0.0
14.1 0.0
14.15 0.0
14.2 0.0
14.25 0.0
14.3 0.0
14.35 0.0
14.4 0.0
14.45 0.0
14.5 0.0
14.55 0.0
14.6 0.0
14.65 0.0
14.7 0.0
14.75 0.0
14.8 1.1239995139826102e-07
14.85 2.2479990279652203e-07
14.9 1.1239995139826102e-07
14.95 1.1239995139826102e-07
15.0 2.2479990279652203e-07
15.05 1.1239995139826102e-07
15.1 0.0
15.15 2.2479990279652203e-07
15.2 1.1239995139826102e-07
15.25 1.1239995139826102e-07
15.3 3.3719985419478304e-07
15.35 4.4959980559304407e-07
15.4 6.743997083895661e-07
15.45 1.1239995139826102e-07
15.5 6.743997083895661e-07
15.55 1.12399951398261e-06
15.6 1.4611993681773932e-06
15.65 2.24799902796522e-06
15.7 2.9223987363547864e-06
15.75 3.4843984933460913e-06
15.8 6.294397278302617e-06
15.85 1.2925994410800017e-05
15.9 2.7425588141175687e-05
15.95 5.091717798341224e-05
16.0 0.0
16.05 0.0
16.1 0.0
16.15 0.0
16.2 0.0
16.25 0.0
16.3 0.0
16.35 0.0
16.4 0.0
16.45 0.0
16.5 0.0
16.55 0.0
16.6 0.0
16.65 0.0
16.7 0.0
16.75 0.0
16.8 0.0
16.85 0.0
16.9 0.0
16.95 0.0
17.0 0.0
17.05 0.0
17.1 0.0
17.15 0.0
17.2 0.0
17.25 0.0
17.3 0.0
17.35 0.0
17.4 0.0
17.45 0.0
17.5 0.0
17.55 0.0
17.6 0.0
17.65 0.0
17.7 0.0
17.75 0.0
17.8 0.0
17.85 0.0
17.9 0.0
17.95 0.0
18.0 0.0
18.05 0.0
18.1 0.0
18.15 0.0
18.2 0.0
18.25 0.0
18.3 0.0
18.35 0.0
18.4 0.0
18.45 0.0
18.5 0.0
18.55 0.0
18.6 0.0
18.65 0.0
18.7 0.0
18.75 0.0
18.8 0.0
18.85 0.0
18.9 0.0
18.95 0.0
19.0
***
17.0
91.0
14.0 0.0
14.05 0.0
14.1 0.0
14.15 0.0
14.2 0.0
14.25 0.0
14.3 0.0
14.35 0.0
14.4 0.0
14.45 0.0
14.5 0.0
14.55 0.0
14.6 0.0
14.65 0.0
14.7 0.0
14.75 0.0
14.8 0.0
14.85 0.0
14.9 0.0
14.95 0.0
15.0 0.0
15.05 0.0
15.1 0.0
15.15 0.0
15.2 0.0
15.25 0.0
15.3 0.0
15.35 0.0
15.4 0.0
15.45 0.0
15.5 0.0
15.55 0.0
15.6 0.0
15.65 0.0
15.7 0.0
15.75 0.0
15.8 0.0
15.85 3.438281134495243e-06
15.9 1.7191405672476215e-06
15.95 0.0
16.0 5.157421701742865e-06
16.05 3.438281134495243e-06
16.1 3.438281134495243e-06
16.15 3.438281134495243e-06
16.2 5.157421701742865e-06
16.25 6.876562268990486e-06
16.3 1.7191405672476214e-05
16.35 1.3753124537980972e-05
16.4 1.5472265105228596e-05
16.45 3.610195191220005e-05
16.5 3.782109247944767e-05
16.55 7.564218495889535e-05
16.6 0.0001117441368710954
16.65 0.00015644179161953357
16.7 0.0001667566350230193
16.75 0.00019770116523347647
16.8 0.00027334335019237185
16.85 0.0002131734303387051
16.9 0.00020285858693521935
16.95 0.0001684757755902669
17.0 0.0
17.05 0.0
17.1 0.0
17.15 0.0
17.2 0.0
17.25 0.0
17.3 0.0
17.35 0.0
17.4 0.0
17.45 0.0
17.5 0.0
17.55 0.0
17.6 0.0
17.65 0.0
17.7 0.0
17.75 0.0
17.8 0.0
17.85 0.0
17.9 0.0
17.95 0.0
18.0 0.0
18.05 0.0
18.1 0.0
18.15 0.0
18.2 0.0
18.25 0.0
18.3 0.0
18.35 0.0
18.4 0.0
18.45 0.0
18.5 0.0
18.55 0.0
18.6 0.0
18.65 0.0
18.7 0.0
18.75 0.0
18.8 0.0
18.85 0.0
18.9 0.0
18.95 0.0
19.0
***
17.0
90.66666666666667
14.0 0.0
14.05 0.0
14.1 0.0
14.15 0.0
14.2 0.0
14.25 0.0
14.3 0.0
14.35 0.0
14.4 0.0
14.45 0.0
14.5 0.0
14.55 0.0
14.6 0.0
14.65 0.0
14.7 0.0
14.75 0.0
14.8 0.0
14.85 0.0
14.9 0.0
14.95 0.0
15.0 0.0
15.05 0.0
15.1 0.0
15.15 0.0
15.2 0.0
15.25 0.0
15.3 0.0
15.35 0.0
15.4 0.0
15.45 0.0
15.5 1.730115779347954e-06
15.55 1.730115779347954e-06
15.6 1.730115779347954e-06
15.65 0.0
15.7 0.0
15.75 0.0
15.8 1.730115779347954e-06
15.85 1.730115779347954e-06
15.9 1.730115779347954e-06
15.95 3.460231558695908e-06
16.0 5.1903473380438616e-06
16.05 1.730115779347954e-06
16.1 1.2110810455435677e-05
16.15 3.460231558695908e-06
16.2 1.0380694676087723e-05
16.25 8.65057889673977e-06
16.3 8.65057889673977e-06
16.35 2.7681852469567265e-05
16.4 2.0761389352175446e-05
16.45 4.3252894483698846e-05
16.5 4.49830102630468e-05
16.55 9.342625208478951e-05
16.6 8.823590474674565e-05
16.65 0.00014532972546522812
16.7 0.00014186949390653222
16.75 0.0001539803043619679
16.8 0.00024221620910871357
16.85 0.00022318493553588606
16.9 0.0002698980615782808
16.95 0.00017128146215544745
17.0 0.0
17.05 0.0
17.1 0.0
17.15 0.0
17.2 0.0
17.25 0.0
17.3 0.0
17.35 0.0
17.4 0.0
17.45 0.0
17.5 0.0
17.55 0.0
17.6 0.0
17.65 0.0
17.7 0.0
17.75 0.0
17.8 0.0
17.85 0.0
17.9 0.0
17.95 0.0
18.0 0.0
18.05 0.0
18.1 0.0
18.15 0.0
18.2 0.0
18.25 0.0
18.3 0.0
18.35 0.0
18.4 0.0
18.45 0.0
18.5 0.0
18.55 0.0
18.6 0.0
18.65 0.0
18.7 0.0
18.75 0.0
18.8 0.0
18.85 0.0
18.9 0.0
18.95 0.0
19.0
***
17.0
90.33333333333333
14.0 0.0
14.05 0.0
14.1 0.0
14.15 0.0
14.2 0.0
14.25 0.0
14.3 0.0
14.35 0.0
14.4 0.0
14.45 0.0
14.5 0.0
14.55 0.0
14.6 0.0
14.65 0.0
14.7 0.0
14.75 0.0
14.8 0.0
14.85 0.0
14.9 0.0
14.95 0.0
15.0 0.0
15.05 0.0
15.1 0.0
15.15 0.0
15.2 0.0
15.25 0.0
15.3 0.0
15.35 0.0
15.4 0.0
15.45 0.0
15.5 0.0
15.55 0.0
15.6 0.0
15.65 0.0
15.7 1.888196130708489e-06
15.75 0.0
15.8 1.888196130708489e-06
15.85 3.776392261416978e-06
15.9 0.0
15.95 3.776392261416978e-06
16.0 7.552784522833956e-06
16.05 1.888196130708489e-06
16.1 7.552784522833956e-06
16.15 1.888196130708489e-06
16.2 1.1329176784250934e-05
16.25 1.5105569045667912e-05
16.3 2.077015743779338e-05
16.35 5.664588392125467e-06
16.4 2.2658353568501868e-05
16.45 4.5316707137003736e-05
16.5 6.042227618267165e-05
16.55 9.252161040471595e-05
16.6 0.00010385078718896689
16.65 0.00015860847497951307
16.7 0.00016049667111022156
16.75 0.0002209189472928932
16.8 0.00026057106603777147
16.85 0.00025113008538422905
16.9 0.0002492418892535205
16.95 0.00017749043628659795
17.0 0.0
17.05 0.0
17.1 0.0
17.15 0.0
17.2 0.0
17.25 0.0
17.3 0.0
17.35 0.0
17.4 0.0
17.45 0.0
17.5 0.0
17.55 0.0
17.6 0.0
17.65 0.0
17.7 0.0
17.75 0.0
17.8 0.0
17.85 0.0
17.9 0.0
17.95 0.0
18.0 0.0
18.05 0.0
18.1 0.0
18.15 0.0
18.2 0.0
18.25 0.0
18.3 0.0
18.35 0.0
18.4 0.0
18.45 0.0
18.5 0.0
18.55 0.0
18.6 0.0
18.65 0.0
18.7 0.0
18.75 0.0
18.8 0.0
18.85 0.0
18.9 0.0
18.95 0.0
19.0
***
17.333333333333332
91.0
14.0 0.0
14.05 0.0
14.1 0.0
14.15 0.0
14.2 0.0
14.25 0.0
14.3 0.0
14.35 0.0
14.4 0.0
14.45 0.0
14.5 0.0
14.55 0.0
14.6 0.0
14.65 0.0
14.7 0.0
14.75 0.0
14.8 0.0
14.85 0.0
14.9 0.0
14.95 0.0
15.0 0.0
15.05 0.0
15.1 0.0
15.15 1.656364082076153e-06
15.2 0.0
15.25 0.0
15.3 0.0
15.35 0.0
15.4 0.0
15.45 0.0
15.5 1.656364082076153e-06
15.55 0.0
15.6 0.0
15.65 0.0
15.7 0.0
15.75 1.656364082076153e-06
15.8 0.0
15.85 1.656364082076153e-06
15.9 4.969092246228459e-06
15.95 0.0
16.0 3.312728164152306e-06
16.05 1.656364082076153e-06
16.1 4.969092246228459e-06
16.15 4.969092246228459e-06
16.2 1.1594548574533072e-05
16.25 8.281820410380765e-06
16.3 1.656364082076153e-05
16.35 1.1594548574533072e-05
16.4 9.938184492456918e-06
16.45 5.1347286544360744e-05
16.5 7.78491118575792e-05
16.55 6.956729144719843e-05
16.6 9.275638859626457e-05
16.65 0.00012919639840193993
16.7 0.00015072913146892993
16.75 0.00019048186943875758
16.8 0.00025176734047557527
16.85 0.0001871691412746053
16.9 0.0002252655151623568
16.95 0.00014576003922270146
17.0 0.0
17.05 0.0
17.1 0.0
17.15 0.0
17.2 0.0
17.25 0.0
17.3 0.0
17.35 0.0
17.4 0.0
17.45 0.0
17.5 0.0
17.55 0.0
17.6 0.0
17.65 0.0
17.7 0.0
17.75 0.0
17.8 0.0
17.85 0.0
17.9 0.0
17.95 0.0
18.0 0.0
18.05 0.0
18.1 0.0
18.15 0.0
18.2 0.0
18.25 0.0
18.3 0.0
18.35 0.0
18.4 0.0
18.45 0.0
18.5 0.0
18.55 0.0
18.6 0.0
18.65 0.0
18.7 0.0
18.75 0.0
18.8 0.0
18.85 0.0
18.9 0.0
18.95 0.0
19.0
***
17.333333333333332
90.66666666666667
14.0 0.0
14.05 0.0
14.1 0.0
14.15 0.0
14.2 0.0
14.25 0.0
14.3 0.0
14.35 0.0
14.4 0.0
14.45 0.0
14.5 0.0
14.55 0.0
14.6 0.0
14.65 0.0
14.7 0.0
14.75 0.0
14.8 0.0
14.85 0.0
14.9 0.0
14.95 0.0
15.0 0.0
15.05 0.0
15.1 0.0
15.15 0.0
15.2 0.0
15.25 0.0
15.3 0.0
15.35 0.0
15.4 0.0
15.45 0.0
15.5 0.0
15.55 0.0
15.6 0.0
15.65 1.8597281449397727e-06
15.7 0.0
15.75 0.0
15.8 0.0
15.85 0.0
15.9 1.8597281449397727e-06
15.95 3.7194562898795453e-06
16.0 1.8597281449397727e-06
16.05 1.8597281449397727e-06
16.1 7.438912579759091e-06
16.15 1.8597281449397727e-06
16.2 7.438912579759091e-06
16.25 1.1158368869638636e-05
16.3 1.4877825159518181e-05
16.35 1.1158368869638636e-05
16.4 3.7194562898795457e-05
16.45 2.4176465884217045e-05
16.5 4.835293176843409e-05
16.55 5.579184434819318e-05
16.6 0.00010600450426156704
16.65 0.00018039363005915794
16.7 0.0001841130863490375
16.75 0.00021944792110289318
16.8 0.00022874656182759204
16.85 0.00023990493069723067
16.9 0.0002678008528713273
16.95 0.00020271036779843522
17.0 0.0
17.05 0.0
17.1 0.0
17.15 0.0
17.2 0.0
17.25 0.0
17.3 0.0
17.35 0.0
17.4 0.0
17.45 0.0
17.5 0.0
17.55 0.0
17.6 0.0
17.65 0.0
17.7 0.0
17.75 0.0
17.8 0.0
17.85 0.0
17.9 0.0
17.95 0.0
18.0 0.0
18.05 0.0
18.1 0.0
18.15 0.0
18.2 0.0
18.25 0.0
18.3 0.0
18.35 0.0
18.4 0.0
18.45 0.0
18.5 0.0
18.55 0.0
18.6 0.0
18.65 0.0
18.7 0.0
18.75 0.0
18.8 0.0
18.85 0.0
18.9 0.0
18.95 0.0
19.0
***
17.333333333333332
90.33333333333333
14.0 0.0
14.05 0.0
14.1 0.0
14.15 0.0
14.2 0.0
14.25 0.0
14.3 0.0
14.35 0.0
14.4 0.0
14.45 0.0
14.5 0.0
14.55 0.0
14.6 0.0
14.65 0.0
14.7 0.0
14.75 0.0
14.8 0.0
14.85 0.0
14.9 0.0
14.95 0.0
15.0 0.0
15.05 0.0
15.1 0.0
15.15 0.0
15.2 0.0
15.25 0.0
15.3 0.0
15.35 0.0
15.4 0.0
15.45 0.0
15.5 0.0
15.55 0.0
15.6 0.0
15.65 0.0
15.7 0.0
15.75 0.0
15.8 0.0
15.85 0.0
15.9 3.919931479597737e-06
15.95 1.9599657397988683e-06
16.0 0.0
16.05 1.9599657397988683e-06
16.1 3.919931479597737e-06
16.15 5.879897219396605e-06
16.2 7.839862959195473e-06
16.25 3.919931479597737e-06
16.3 1.5679725918390947e-05
16.35 7.839862959195473e-06
16.4 1.175979443879321e-05
16.45 5.487904071436831e-05
16.5 6.663883515316152e-05
16.55 5.683900645416718e-05
16.6 0.0001234778416073287
16.65 0.0001352376360461219
16.7 0.00025087561469425514
16.75 0.00025675551191365177
16.8 0.0002547955461738529
16.85 0.00025283558043405404
16.9 0.00027439520357184154
16.95 0.00016855705362270267
17.0 0.0
17.05 0.0
17.1 0.0
17.15 0.0
17.2 0.0
17.25 0.0
17.3 0.0
17.35 0.0
17.4 0.0
17.45 0.0
17.5 0.0
17.55 0.0
17.6 0.0
17.65 0.0
17.7 0.0
17.75 0.0
17.8 0.0
17.85 0.0
17.9 0.0
17.95 0.0
18.0 0.0
18.05 0.0
18.1 0.0
18.15 0.0
18.2 0.0
18.25 0.0
18.3 0.0
18.35 0.0
18.4 0.0
18.45 0.0
18.5 0.0
18.55 0.0
18.6 0.0
18.65 0.0
18.7 0.0
18.75 0.0
18.8 0.0
18.85 0.0
18.9 0.0
18.95 0.0
19.0
***
17.666666666666668
91.0
14.0 0.0
14.05 0.0
14.1 0.0
14.15 0.0
14.2 0.0
14.25 0.0
14.3 0.0
14.35 0.0
14.4 0.0
14.45 0.0
14.5 0.0
14.55 0.0
14.6 0.0
14.65 0.0
14.7 0.0
14.75 0.0
14.8 0.0
14.85 0.0
14.9 0.0
14.95 0.0
15.0 0.0
15.05 0.0
15.1 0.0
15.15 0.0
15.2 0.0
15.25 0.0
15.3 0.0
15.35 0.0
15.4 1.7488815902230524e-06
15.45 1.7488815902230524e-06
15.5 0.0
15.55 0.0
15.6 0.0
15.65 0.0
15.7 0.0
15.75 0.0
15.8 1.7488815902230524e-06
15.85 0.0
15.9 1.7488815902230524e-06
15.95 0.0
16.0 1.7488815902230524e-06
16.05 5.246644770669157e-06
16.1 1.7488815902230524e-06
16.15 6.9955263608922095e-06
16.2 3.4977631804461048e-06
16.25 1.3991052721784419e-05
16.3 1.9237697492453577e-05
16.35 1.573993431200747e-05
16.4 4.02242765751302e-05
16.45 2.4484342263122732e-05
16.5 5.5964210887137676e-05
16.55 6.995526360892209e-05
16.6 0.00012067282972539061
16.65 0.00015565046152985165
16.7 0.0001696415142516361
16.75 0.00018887921174408966
16.8 0.0002273546067289968
16.85 0.00025533671217256565
16.9 0.00023260125149966596
16.95 0.00013116611926672892
17.0 0.0
17.05 0.0
17.1 0.0
17.15 0.0
17.2 0.0
17.25 0.0
17.3 0.0
17.35 0.0
17.4 0.0
17.45 0.0
17.5 0.0
17.55 0.0
17.6 0.0
17.65 0.0
17.7 0.0
17.75 0.0
17.8 0.0
17.85 0.0
17.9 0.0
17.95 0.0
18.0 0.0
18.05 0.0
18.1 0.0
18.15 0.0
18.2 0.0
18.25 0.0
18.3 0.0
18.35 0.0
18.4 0.0
18.45 0.0
18.5 0.0
18.55 0.0
18.6 0.0
18.65 0.0
18.7 0.0
18.75 0.0
18.8 0.0
18.85 0.0
18.9 0.0
18.95 0.0
19.0
***
17.666666666666668
90.66666666666667
14.0 0.0
14.05 0.0
14.1 0.0
14.15 0.0
14.2 0.0
14.25 0.0
14.3 0.0
14.35 0.0
14.4 0.0
14.45 0.0
14.5 0.0
14.55 0.0
14.6 0.0
14.65 0.0
14.7 0.0
14.75 0.0
14.8 0.0
14.85 0.0
14.9 0.0
14.95 0.0
15.0 0.0
15.05 0.0
15.1 0.0
15.15 0.0
15.2 0.0
15.25 0.0
15.3 0.0
15.35 0.0
15.4 0.0
15.45 0.0
15.5 0.0
15.55 0.0
15.6 0.0
15.65 3.546866520772224e-06
15.7 0.0
15.75 1.773433260386112e-06
15.8 3.546866520772224e-06
15.85 0.0
15.9 0.0
15.95 3.546866520772224e-06
16.0 0.0
16.05 3.546866520772224e-06
16.1 5.3202997811583355e-06
16.15 0.0
16.2 3.546866520772224e-06
16.25 1.2414032822702784e-05
16.3 1.5960899343475007e-05
16.35 1.2414032822702784e-05
16.4 3.0148365426563903e-05
16.45 4.610926477003891e-05
16.5 4.610926477003891e-05
16.55 7.271076367583058e-05
16.6 0.00010463256236278061
16.65 0.00014542152735166116
16.7 0.00015960899343475007
16.75 0.0002234525908086501
16.8 0.00023586662363135288
16.85 0.00023409319037096676
16.9 0.00024828065645405564
16.95 0.00016138242669513618
17.0 0.0
17.05 0.0
17.1 0.0
17.15 0.0
17.2 0.0
17.25 0.0
17.3 0.0
17.35 0.0
17.4 0.0
17.45 0.0
17.5 0.0
17.55 0.0
17.6 0.0
17.65 0.0
17.7 0.0
17.75 0.0
17.8 0.0
17.85 0.0
17.9 0.0
17.95 0.0
18.0 0.0
18.05 0.0
18.1 0.0
18.15 0.0
18.2 0.0
18.25 0.0
18.3 0.0
18.35 0.0
18.4 0.0
18.45 0.0
18.5 0.0
18.55 0.0
18.6 0.0
18.65 0.0
18.7 0.0
18.75 0.0
18.8 0.0
18.85 0.0
18.9 0.0
18.95 0.0
19.0
***
17.666666666666668
90.33333333333333
14.0 0.0
14.05 0.0
14.1 0.0
14.15 0.0
14.2 0.0
14.25 0.0
14.3 0.0
14.35 0.0
14.4 0.0
14.45 0.0
14.5 0.0
14.55 0.0
14.6 0.0
14.65 0.0
14.7 0.0
14.75 0.0
14.8 0.0
14.85 0.0
14.9 0.0
14.95 0.0
15.0 0.0
15.05 0.0
15.1 0.0
15.15 0.0
15.2 0.0
15.25 0.0
15.3 0.0
15.35 0.0
15.4 0.0
15.45 0.0
15.5 0.0
15.55 0.0
15.6 0.0
15.65 0.0
15.7 0.0
15.75 0.0
15.8 0.0
15.85 0.0
15.9 3.7240896462859655e-06
15.95 1.8620448231429827e-06
16.0 1.8620448231429827e-06
16.05 3.7240896462859655e-06
16.1 7.448179292571931e-06
16.15 5.586134469428948e-06
16.2 3.7240896462859655e-06
16.25 1.8620448231429827e-06
16.3 7.448179292571931e-06
16.35 1.4896358585143862e-05
16.4 2.234453787771579e-05
16.45 4.0964986109145616e-05
16.5 5.7723389517432465e-05
16.55 6.889565845629036e-05
16.6 0.000107998599742293
16.65 0.0001731701685522974
16.7 0.00019551470643001319
16.75 0.00022530742360030092
16.8 0.0002476519614780167
16.85 0.0002588242304168746
16.9 0.00024020378218544475
16.95 0.0001713081237291544
17.0 0.0
17.05 0.0
17.1 0.0
17.15 0.0
17.2 0.0
17.25 0.0
17.3 0.0
17.35 0.0
17.4 0.0
17.45 0.0
17.5 0.0
17.55 0.0
17.6 0.0
17.65 0.0
17.7 0.0
17.75 0.0
17.8 0.0
17.85 0.0
17.9 0.0
17.95 0.0
18.0 0.0
18.05 0.0
18.1 0.0
18.15 0.0
18.2 0.0
18.25 0.0
18.3 0.0
18.35 0.0
18.4 0.0
18.45 0.0
18.5 0.0
18.55 0.0
18.6 0.0
18.65 0.0
18.7 0.0
18.75 0.0
18.8 0.0
18.85 0.0
18.9 0.0
18.95 0.0
19.0
***
18.0
91.0
14.0 0.0
14.05 0.0
14.1 0.0
14.15 0.0
14.2 0.0
14.25 0.0
14.3 0.0
14.35 0.0
14.4 0.0
14.45 0.0
14.5 0.0
14.55 0.0
14.6 0.0
14.65 0.0
14.7 0.0
14.75 0.0
14.8 0.0
14.85 0.0
14.9 0.0
14.95 0.0
15.0 0.0
15.05 0.0
15.1 0.0
15.15 0.0
15.2 0.0
15.25 0.0
15.3 0.0
15.35 0.0
15.4 0.0
15.45 0.0
15.5 0.0
15.55 0.0
15.6 0.0
15.65 0.0
15.7 0.0
15.75 0.0
15.8 0.0
15.85 0.0
15.9 0.0
15.95 0.0
16.0 0.0
16.05 0.0
16.1 0.0
16.15 0.0
16.2 0.0
16.25 0.0
16.3 0.0
16.35 0.0
16.4 2.110439287937784e-05
16.45 4.220878575875568e-05
16.5 2.110439287937784e-05
16.55 7.386537507782245e-05
16.6 7.386537507782245e-05
16.65 4.220878575875568e-05
16.7 8.441757151751136e-05
16.75 0.00012662635727626705
16.8 0.00031656589319066763
16.85 0.00028490930387160086
16.9 0.00021104392879377844
16.95 0.00032711808963035657
17.0 0.00028490930387160086
17.05 0.000274357107431912
17.1 0.0005065054291050682
17.15 0.0005170576255447572
17.2 0.00047484883978600147
17.25 0.00031656589319066763
17.3 0.0004959532326653793
17.35 0.000548714214863824
17.4 0.0004537444469066236
17.45 0.0005698186077432017
17.5 0.0005276098219844461
17.55 0.00048540103622569036
17.6 0.0005909230006225796
17.65 0.0005170576255447572
17.7 0.0004959532326653793
17.75 0.00046429664334631253
17.8 0.00048540103622569036
17.85 0.0004431922504669347
17.9 0.00026380491099222303
17.95 0.0002004917323540895
18.0 0.0
18.05 0.0
18.1 0.0
18.15 0.0
18.2 0.0
18.25 0.0
18.3 0.0
18.35 0.0
18.4 0.0
18.45 0.0
18.5 0.0
18.55 0.0
18.6 0.0
18.65 0.0
18.7 0.0
18.75 0.0
18.8 0.0
18.85 0.0
18.9 0.0
18.95 0.0
19.0
***
18.0
90.66666666666667
14.0 0.0
14.05 0.0
14.1 0.0
14.15 0.0
14.2 0.0
14.25 0.0
14.3 0.0
14.35 0.0
14.4 0.0
14.45 0.0
14.5 0.0
14.55 0.0
14.6 0.0
14.65 0.0
14.7 0.0
14.75 0.0
14.8 0.0
14.85 0.0
14.9 0.0
14.95 0.0
15.0 0.0
15.05 0.0
15.1 0.0
15.15 0.0
15.2 0.0
15.25 0.0
15.3 0.0
15.35 0.0
15.4 0.0
15.45 0.0
15.5 0.0
15.55 0.0
15.6 0.0
15.65 0.0
15.7 0.0
15.75 0.0
15.8 0.0
15.85 0.0
15.9 0.0
15.95 0.0
16.0 0.0
16.05 0.0
16.1 1.272815212687422e-05
16.15 0.0
16.2 0.0
16.25 1.272815212687422e-05
16.3 0.0
16.35 1.272815212687422e-05
16.4 2.545630425374844e-05
16.45 0.0
16.5 1.272815212687422e-05
16.55 5.091260850749688e-05
16.6 3.8184456380622664e-05
16.65 0.00010182521701499377
16.7 0.00020365043402998753
16.75 0.00017819412977623908
16.8 0.00020365043402998753
16.85 0.00022910673828373596
16.9 0.00029274749891810707
16.95 0.0003945727159331008
17.0 0.0005091260850749688
17.05 0.00040730086805997506
17.1 0.00047094162869434615
17.15 0.0004963979329480946
17.2 0.0004963979329480946
17.25 0.0005854949978362141
17.3 0.00047094162869434615
17.35 0.0006618639105974595
17.4 0.0006109513020899626
17.45 0.0006745920627243337
17.5 0.0007000483669780821
17.55 0.0008018735839930758
17.6 0.0005600386935824657
17.65 0.0005854949978362141
17.7 0.0005473105414555915
17.75 0.000636407606343711
17.8 0.0004582134765674719
17.85 0.000636407606343711
17.9 0.00038184456380622664
17.95 0.00026729119466435865
18.0 0.0
18.05 0.0
18.1 0.0
18.15 0.0
18.2 0.0
18.25 0.0
18.3 0.0
18.35 0.0
18.4 0.0
18.45 0.0
18.5 0.0
18.55 0.0
18.6 0.0
18.65 0.0
18.7 0.0
18.75 0.0
18.8 0.0
18.85 0.0
18.9 0.0
18.95 0.0
19.0
***
18.0
90.33333333333333
14.0 0.0
14.05 0.0
14.1 0.0
14.15 0.0
14.2 0.0
14.25 0.0
14.3 0.0
14.35 0.0
14.4 0.0
14.45 0.0
14.5 0.0
14.55 0.0
14.6 0.0
14.65 0.0
14.7 0.0
14.75 0.0
14.8 0.0
14.85 0.0
14.9 0.0
14.95 0.0
15.0 0.0
15.05 0.0
15.1 0.0
15.15 0.0
15.2 0.0
15.25 0.0
15.3 0.0
15.35 0.0
15.4 0.0
15.45 0.0
15.5 0.0
15.55 0.0
15.6 0.0
15.65 0.0
15.7 0.0
15.75 0.0
15.8 0.0
15.85 0.0
15.9 0.0
15.95 0.0
16.0 0.0
16.05 0.0
16.1 0.0
16.15 0.0
16.2 1.445943405775098e-05
16.25 1.445943405775098e-05
16.3 0.0
16.35 0.0
16.4 1.445943405775098e-05
16.45 2.891886811550196e-05
16.5 1.445943405775098e-05
16.55 5.783773623100392e-05
16.6 1.445943405775098e-05
16.65 0.0001445943405775098
16.7 0.0001445943405775098
16.75 0.00017351320869301177
16.8 0.00011567547246200784
16.85 0.0003036481152127706
16.9 0.00033256698332827255
16.95 0.0003036481152127706
17.0 0.00046270188984803135
17.05 0.0005783773623100392
17.1 0.0006940528347720471
17.15 0.0005783773623100392
17.2 0.0006795934007142961
17.25 0.0005639179282522882
17.3 0.0007229717028875489
17.35 0.0007663500050608019
17.4 0.0006940528347720471
17.45 0.0007374311369452999
17.5 0.000708512268829798
17.55 0.0005639179282522882
17.6 0.0009109443456383117
17.65 0.0007663500050608019
17.7 0.0006795934007142961
17.75 0.0007518905710030509
17.8 0.0005639179282522882
17.85 0.0006795934007142961
17.9 0.00037594528550152545
17.95 0.0003036481152127706
18.0 0.0
18.05 0.0
18.1 0.0
18.15 0.0
18.2 0.0
18.25 0.0
18.3 0.0
18.35 0.0
18.4 0.0
18.45 0.0
18.5 0.0
18.55 0.0
18.6 0.0
18.65 0.0
18.7 0.0
18.75 0.0
18.8 0.0
18.85 0.0
18.9 0.0
18.95 0.0
19.0
***
18.333333333333332
91.0
14.0 0.0
14.05 0.0
14.1 0.0
14.15 0.0
14.2 0.0
14.25 0.0
14.3 0.0
14.35 0.0
14.4 0.0
14.45 0.0
14.5 0.0
14.55 0.0
14.6 0.0
14.65 0.0
14.7 0.0
14.75 0.0
14.8 0.0
14.85 0.0
14.9 0.0
14.95 0.0
15.0 0.0
15.05 0.0
15.1 0.0
15.15 0.0
15.2 0.0
15.25 0.0
15.3 0.0
15.35 0.0
15.4 0.0
15.45 0.0
15.5 0.0
15.55 0.0
15.6 0.0
15.65 0.0
15.7 0.0
15.75 0.0
15.8 0.0
15.85 0.0
15.9 1.1286299560962948e-05
15.95 0.0
16.0 0.0
16.05 0.0
16.1 0.0
16.15 0.0
16.2 0.0
16.25 0.0
16.3 1.1286299560962948e-05
16.35 2.2572599121925895e-05
16.4 1.1286299560962948e-05
16.45 4.514519824385179e-05
16.5 9.029039648770358e-05
16.55 6.771779736577768e-05
16.6 9.029039648770358e-05
16.65 0.00011286299560962947
16.7 0.00014672189429251831
16.75 0.00015800819385348126
16.8 0.0003273026872679255
16.85 0.00021443969165829598
16.9 0.00020315339209733303
16.95 0.0003611615859508143
17.0 0.0003273026872679255
17.05 0.00042887938331659197
17.1 0.00042887938331659197
17.15 0.0003611615859508143
17.2 0.0005078834802433326
17.25 0.0004401656828775549
17.3 0.00045145198243851787
17.35 0.0004401656828775549
17.4 0.0006094601762919992
17.45 0.0005304560793652585
17.5 0.0005191697798042956
17.55 0.0006207464758529621
17.6 0.0005530286784871844
17.65 0.0005191697798042956
17.7 0.0005078834802433326
17.75 0.00045145198243851787
17.8 0.0005417423789262215
17.85 0.000417593083755629
17.9 0.0004965971806823697
17.95 0.00024829859034118483
18.0 0.0
18.05 0.0
18.1 0.0
18.15 0.0
18.2 0.0
18.25 0.0
18.3 0.0
18.35 0.0
18.4 0.0
18.45 0.0
18.5 0.0
18.55 0.0
18.6 0.0
18.65 0.0
18.7 0.0
18.75 0.0
18.8 0.0
18.85 0.0
18.9 0.0
18.95 0.0
19.0
***
18.333333333333332
90.66666666666667
14.0 0.0
14.05 0.0
14.1 0.0
14.15 0.0
14.2 0.0
14.25 0.0
14.3 0.0
14.35 0.0
14.4 0.0
14.45 0.0
14.5 0.0
14.55 0.0
14.6 0.0
14.65 0.0
14.7 0.0
14.75 0.0
14.8 0.0
14.85 0.0
14.9 0.0
14.95 0.0
15.0 0.0
15.05 0.0
15.1 0.0
15.15 0.0
15.2 0.0
15.25 0.0
15.3 0.0
15.35 0.0
15.4 0.0
15.45 1.2877802531775978e-05
15.5 0.0
15.55 0.0
15.6 0.0
15.65 0.0
15.7 0.0
15.75 0.0
15.8 0.0
15.85 0.0
15.9 0.0
15.95 0.0
16.0 0.0
16.05 0.0
16.1 0.0
16.15 0.0
16.2 0.0
16.25 0.0
16.3 0.0
16.35 0.0
16.4 0.0
16.45 2.5755605063551955e-05
16.5 2.5755605063551955e-05
16.55 3.863340759532793e-05
16.6 7.726681519065587e-05
16.65 0.0001159002227859838
16.7 7.726681519065587e-05
16.75 0.00027043385316729554
16.8 0.00016741143291308772
16.85 0.00020604484050841564
16.9 0.00019316703797663966
16.95 0.0003992118784850553
17.0 0.0002833116556990715
17.05 0.0003477006683579514
17.1 0.0006438901265887988
17.15 0.0004507230886121592
17.2 0.0005151121012710392
17.25 0.000566623311398143
17.3 0.0005795011139299189
17.35 0.0007597903493747827
17.4 0.0007082791392476787
17.45 0.0006438901265887988
17.5 0.000592378916461695
17.55 0.0007984237569701107
17.6 0.0006696457316523509
17.65 0.000553745508866367
17.7 0.0007082791392476787
17.75 0.0005795011139299189
17.8 0.0006567679291205749
17.85 0.0005151121012710392
17.9 0.0004636008911439352
17.95 0.0002318004455719676
18.0 0.0
18.05 0.0
18.1 0.0
18.15 0.0
18.2 0.0
18.25 0.0
18.3 0.0
18.35 0.0
18.4 0.0
18.45 0.0
18.5 0.0
18.55 0.0
18.6 0.0
18.65 0.0
18.7 0.0
18.75 0.0
18.8 0.0
18.85 0.0
18.9 0.0
18.95 0.0
19.0
***
18.333333333333332
90.33333333333333
14.0 0.0
14.05 0.0
14.1 0.0
14.15 0.0
14.2 0.0
14.25 0.0
14.3 0.0
14.35 0.0
14.4 0.0
14.45 0.0
14.5 0.0
14.55 0.0
14.6 0.0
14.65 0.0
14.7 0.0
14.75 0.0
14.8 0.0
14.85 0.0
14.9 0.0
14.95 0.0
15.0 0.0
15.05 0.0
15.1 0.0
15.15 0.0
15.2 0.0
15.25 0.0
15.3 0.0
15.35 0.0
15.4 0.0
15.45 0.0
15.5 0.0
15.55 0.0
15.6 0.0
15.65 0.0
15.7 0.0
15.75 0.0
15.8 0.0
15.85 0.0
15.9 0.0
15.95 0.0
16.0 0.0
16.05 0.0
16.1 0.0
16.15 0.0
16.2 1.4349261013057828e-05
16.25 0.0
16.3 0.0
16.35 0.0
16.4 1.4349261013057828e-05
16.45 4.304778303917348e-05
16.5 0.0
16.55 2.8698522026115655e-05
16.6 2.8698522026115655e-05
16.65 5.739704405223131e-05
16.7 0.0001004448270914048
16.75 0.00017219113215669393
16.8 0.00018654039316975176
16.85 0.00022958817620892524
16.9 0.000416128569378677
16.95 0.0004735256134309083
17.0 0.00028698522026115655
17.05 0.0005309226574831396
17.1 0.0005596211795092553
17.15 0.0006313674845745444
17.2 0.0006026689625484288
17.25 0.0007605108336920649
17.3 0.0006600660066006601
17.35 0.0007605108336920649
17.4 0.0006457167455876022
17.45 0.0007892093557181805
17.5 0.0008179078777442962
17.55 0.0006457167455876022
17.6 0.0005739704405223131
17.65 0.0007318123116659492
17.7 0.0006026689625484288
17.75 0.0006457167455876022
17.8 0.0007318123116659492
17.85 0.0007318123116659492
17.9 0.0004591763524178505
17.95 0.000416128569378677
18.0 0.0
18.05 0.0
18.1 0.0
18.15 0.0
18.2 0.0
18.25 0.0
18.3 0.0
18.35 0.0
18.4 0.0
18.45 0.0
18.5 0.0
18.55 0.0
18.6 0.0
18.65 0.0
18.7 0.0
18.75 0.0
18.8 0.0
18.85 0.0
18.9 0.0
18.95 0.0
19.0
***
18.666666666666668
91.0
14.0 0.0
14.05 0.0
14.1 0.0
14.15 0.0
14.2 0.0
14.25 0.0
14.3 0.0
14.35 0.0
14.4 0.0
14.45 0.0
14.5 0.0
14.55 0.0
14.6 0.0
14.65 0.0
14.7 0.0
14.75 0.0
14.8 0.0
14.85 0.0
14.9 0.0
14.95 0.0
15.0 0.0
15.05 0.0
15.1 0.0
15.15 0.0
15.2 0.0
15.25 0.0
15.3 0.0
15.35 0.0
15.4 0.0
15.45 0.0
15.5 0.0
15.55 0.0
15.6 0.0
15.65 0.0
15.7 0.0
15.75 0.0
15.8 0.0
15.85 0.0
15.9 0.0
15.95 0.0
16.0 0.0
16.05 0.0
16.1 0.0
16.15 0.0
16.2 0.0
16.25 0.0
16.3 3.570280981113214e-05
16.35 2.3801873207421424e-05
16.4 5.950468301855356e-05
16.45 1.1900936603710712e-05
16.5 2.3801873207421424e-05
16.55 4.760374641484285e-05
16.6 8.330655622597498e-05
16.65 5.950468301855356e-05
16.7 7.140561962226428e-05
16.75 0.00010710842943339641
16.8 0.0001785140490556607
16.85 0.00024991966867792497
16.9 0.0002023159222630821
16.95 0.0002856224784890571
17.0 0.00047603746414842847
17.05 0.0004165327811298749
17.1 0.0005474430837706927
17.15 0.0005950468301855356
17.2 0.00047603746414842847
17.25 0.0005117402739595607
17.3 0.0005236412105632713
17.35 0.000618848703392957
17.4 0.0005712449569781142
17.45 0.0006664524498077998
17.5 0.0006069477667892463
17.55 0.0006069477667892463
17.6 0.000702155259618932
17.65 0.0005831458935818249
17.7 0.00045223559094100706
17.75 0.000535542147166982
17.8 0.0005831458935818249
17.85 0.0004165327811298749
17.9 0.00036892903471503206
17.95 0.0002023159222630821
18.0 0.0
18.05 0.0
18.1 0.0
18.15 0.0
18.2 0.0
18.25 0.0
18.3 0.0
18.35 0.0
18.4 0.0
18.45 0.0
18.5 0.0
18.55 0.0
18.6 0.0
18.65 0.0
18.7 0.0
18.75 0.0
18.8 0.0
18.85 0.0
18.9 0.0
18.95 0.0
19.0
***
18.666666666666668
90.66666666666667
14.0 0.0
14.05 0.0
14.1 0.0
14.15 0.0
14.2 0.0
14.25 0.0
14.3 0.0
14.35 0.0
14.4 0.0
14.45 0.0
14.5 0.0
14.55 0.0
14.6 0.0
14.65 0.0
14.7 0.0
14.75 0.0
14.8 0.0
14.85 0.0
14.9 0.0
14.95 0.0
15.0 0.0
15.05 0.0
15.1 0.0
15.15 0.0
15.2 0.0
15.25 0.0
15.3 0.0
15.35 0.0
15.4 0.0
15.45 0.0
15.5 0.0
15.55 0.0
15.6 0.0
15.65 0.0
15.7 0.0
15.75 0.0
15.8 0.0
15.85 0.0
15.9 0.0
15.95 0.0
16.0 1.2852809624183847e-05
16.05 0.0
16.1 0.0
16.15 0.0
16.2 0.0
16.25 2.5705619248367694e-05
16.3 0.0
16.35 1.2852809624183847e-05
16.4 2.5705619248367694e-05
16.45 1.2852809624183847e-05
16.5 5.141123849673539e-05
16.55 7.711685774510308e-05
16.6 7.711685774510308e-05
16.65 0.00011567528661765462
16.7 0.0001413809058660223
16.75 0.0001413809058660223
16.8 0.0002570561924836769
16.85 0.0002442033828594931
16.9 0.0002570561924836769
16.95 0.00039843709834969923
17.0 0.0002956146213562285
17.05 0.0005141123849673538
17.1 0.00033417305022878
17.15 0.0005783764330882731
17.2 0.0005526708138399054
17.25 0.0006811989100817438
17.3 0.0006040820523366408
17.35 0.0007326101485784792
17.4 0.0006169348619608246
17.45 0.0006297876715850084
17.5 0.0006426404812091924
17.55 0.0006297876715850084
17.6 0.0008482854351961339
17.65 0.0005526708138399054
17.7 0.0005526708138399054
17.75 0.0005398180042157216
17.8 0.0005398180042157216
17.85 0.0004498483368464346
17.9 0.0004498483368464346
17.95 0.0002570561924836769
18.0 0.0
18.05 0.0
18.1 0.0
18.15 0.0
18.2 0.0
18.25 0.0
18.3 0.0
18.35 0.0
18.4 0.0
18.45 0.0
18.5 0.0
18.55 0.0
18.6 0.0
18.65 0.0
18.7 0.0
18.75 0.0
18.8 0.0
18.85 0.0
18.9 0.0
18.95 0.0
19.0
***
18.666666666666668
90.33333333333333
14.0 0.0
14.05 0.0
14.1 0.0
14.15 0.0
14.2 0.0
14.25 0.0
14.3 0.0
14.35 0.0
14.4 0.0
14.45 0.0
14.5 0.0
14.55 0.0
14.6 0.0
14.65 0.0
14.7 0.0
14.75 0.0
14.8 0.0
14.85 0.0
14.9 0.0
14.95 0.0
15.0 0.0
15.05 0.0
15.1 0.0
15.15 0.0
15.2 0.0
15.25 0.0
15.3 0.0
15.35 0.0
15.4 0.0
15.45 0.0
15.5 0.0
15.55 0.0
15.6 0.0
15.65 0.0
15.7 0.0
15.75 0.0
15.8 0.0
15.85 0.0
15.9 0.0
15.95 0.0
16.0 0.0
16.05 0.0
16.1 0.0
16.15 0.0
16.2 0.0
16.25 0.0
16.3 0.0
16.35 0.0
16.4 1.43539983062282e-05
16.45 1.43539983062282e-05
16.5 2.87079966124564e-05
16.55 2.87079966124564e-05
16.6 2.87079966124564e-05
16.65 4.30619949186846e-05
16.7 7.1769991531141e-05
16.75 0.0001722479796747384
16.8 0.0003301419610432486
16.85 0.0002727259678183358
16.9 0.0002583719695121076
16.95 0.0004449739474930742
17.0 0.0003875579542681614
17.05 0.0004736819441055306
17.1 0.0004593279457993024
17.15 0.0005310979373304434
17.2 0.0006889919186989536
17.25 0.0008038239051487792
17.3 0.000645929923780269
17.35 0.000502389940717987
17.4 0.000789469906842551
17.45 0.0008325319017612356
17.5 0.0006889919186989536
17.55 0.0008755938966799202
17.6 0.0008468859000674638
17.65 0.0007751159085363228
17.7 0.0006889919186989536
17.75 0.0007607619102300946
17.8 0.0006315759254740408
17.85 0.0006028679288615844
17.9 0.0004019119525743896
17.95 0.0002583719695121076
18.0 0.0
18.05 0.0
18.1 0.0
18.15 0.0
18.2 0.0
18.25 0.0
18.3 0.0
18.35 0.0
18.4 0.0
18.45 0.0
18.5 0.0
18.55 0.0
18.6 0.0
18.65 0.0
18.7 0.0
18.75 0.0
18.8 0.0
18.85 0.0
18.9 0.0
18.95 0.0
19.0
***
19.0
91.0
14.0 0.0
14.05 0.0
14.1 0.0
14.15 0.0
14.2 0.0
14.25 0.0
14.3 0.0
14.35 0.0
14.4 0.0
14.45 0.0
14.5 0.0
14.55 0.0
14.6 0.0
14.65 0.0
14.7 0.0
14.75 0.0
14.8 0.0
14.85 0.0
14.9 0.0
14.95 0.0
15.0 0.0
15.05 0.0
15.1 0.0
15.15 0.0
15.2 0.0
15.25 0.0
15.3 0.0
15.35 0.0
15.4 0.0
15.45 0.0
15.5 0.0
15.55 0.0
15.6 0.0
15.65 0.0
15.7 0.0
15.75 0.0
15.8 0.0
15.85 0.0
15.9 2.901157561867185e-05
15.95 0.0
16.0 0.0
16.05 0.0
16.1 0.0
16.15 0.0
16.2 0.0
16.25 0.0
16.3 0.0
16.35 5.80231512373437e-05
16.4 0.0
16.45 5.80231512373437e-05
16.5 2.901157561867185e-05
16.55 2.901157561867185e-05
16.6 8.703472685601556e-05
16.65 0.0001160463024746874
16.7 0.0001160463024746874
16.75 0.0001740694537120311
16.8 0.0002901157561867185
16.85 0.0002320926049493748
16.9 0.0004061620586614059
16.95 0.0002901157561867185
17.0 0.0006672662392294526
17.05 0.0003481389074240622
17.1 0.0008123241173228118
17.15 0.0006962778148481244
17.2 0.00043517363428007775
17.25 0.0007543009660854681
17.3 0.0009283704197974991
17.35 0.000580231512373437
17.4 0.0006092430879921088
17.45 0.0007252893904667962
17.5 0.0009863935710348428
17.55 0.0006092430879921088
17.6 0.00078331254170414
17.65 0.00078331254170414
17.7 0.0006962778148481244
17.75 0.0010444167222721866
17.8 0.00078331254170414
17.85 0.001189474600365546
17.9 0.0007252893904667962
17.95 0.0009283704197974991
18.0 0.0010154051466535147
18.05 0.0008123241173228118
18.1 0.000580231512373437
18.15 0.0006382546636107807
18.2 0.0008413356929414836
18.25 0.0008413356929414836
18.3 0.0006962778148481244
18.35 0.0008703472685601555
18.4 0.0006962778148481244
18.45 0.0004641852098987496
18.5 0.0008123241173228118
18.55 0.0005512199367547652
18.6 0.0005512199367547652
18.65 0.0003481389074240622
18.7 0.0004641852098987496
18.75 0.0004931967855174214
18.8 0.0005222083611360933
18.85 0.0004061620586614059
18.9 0.00020308102933070296
18.95 0.00020308102933070296
19.0
***
19.0
90.66666666666667
14.0 0.0
14.05 0.0
14.1 0.0
14.15 0.0
14.2 0.0
14.25 0.0
14.3 0.0
14.35 0.0
14.4 0.0
14.45 0.0
14.5 0.0
14.55 0.0
14.6 0.0
14.65 0.0
14.7 0.0
14.75 0.0
14.8 0.0
14.85 0.0
14.9 0.0
14.95 0.0
15.0 0.0
15.05 0.0
15.1 0.0
15.15 0.0
15.2 0.0
15.25 0.0
15.3 0.0
15.35 0.0
15.4 0.0
15.45 0.0
15.5 0.0
15.55 0.0
15.6 0.0
15.65 0.0
15.7 0.0
15.75 0.0
15.8 0.0
15.85 0.0
15.9 0.0
15.95 0.0
16.0 0.0
16.05 0.0
16.1 3.96589331746976e-05
16.15 0.0
16.2 0.0
16.25 0.0
16.3 0.0
16.35 0.0
16.4 0.0
16.45 3.96589331746976e-05
16.5 3.96589331746976e-05
16.55 0.0001586357326987904
16.6 0.0
16.65 0.0002379535990481856
16.7 0.0003569303985722784
16.75 0.0001189767995240928
16.8 0.0003569303985722784
16.85 0.0006345429307951616
16.9 0.000594883997620464
16.95 0.0005552250644457664
17.0 0.0007535197303192544
17.05 0.000793178663493952
17.1 0.0007138607971445568
17.15 0.000793178663493952
17.2 0.0006345429307951616
17.25 0.0005552250644457664
17.3 0.0012690858615903233
17.35 0.000793178663493952
17.4 0.0008724965298433472
17.45 0.0008328375966686496
17.5 0.0011501090620662305
17.55 0.0011104501288915329
17.6 0.0009121554630180448
17.65 0.0008328375966686496
17.7 0.0016656751933372992
17.75 0.0011501090620662305
17.8 0.0010311322625421377
17.85 0.0014673805274638112
17.9 0.0008724965298433472
17.95 0.0010707911957168353
18.0 0.0008328375966686496
18.05 0.001189767995240928
18.1 0.001388062661114416
18.15 0.0010707911957168353
18.2 0.0008328375966686496
18.25 0.0008724965298433472
18.3 0.0011501090620662305
18.35 0.000793178663493952
18.4 0.0010707911957168353
18.45 0.0009518143961927424
18.5 0.0012690858615903233
18.55 0.0009518143961927424
18.6 0.0008328375966686496
18.65 0.000594883997620464
18.7 0.000793178663493952
18.75 0.0008328375966686496
18.8 0.0009121554630180448
18.85 0.0004362482649216736
18.9 0.000198294665873488
18.95 0.0002776125322228832
19.0
***
19.0
90.33333333333333
14.0 0.0
14.05 0.0
14.1 0.0
14.15 0.0
14.2 0.0
14.25 0.0
14.3 0.0
14.35 0.0
14.4 0.0
14.45 0.0
14.5 0.0
14.55 0.0
14.6 0.0
14.65 0.0
14.7 0.0
14.75 0.0
14.8 0.0
14.85 0.0
14.9 0.0
14.95 0.0
15.0 0.0
15.05 0.0
15.1 0.0
15.15 0.0
15.2 0.0
15.25 0.0
15.3 0.0
15.35 0.0
15.4 0.0
15.45 0.0
15.5 0.0
15.55 0.0
15.6 0.0
15.65 0.0
15.7 0.0
15.75 0.0
15.8 0.0
15.85 0.0
15.9 0.0
15.95 0.0
16.0 0.0
16.05 0.0
16.1 0.0
16.15 0.0
16.2 0.0
16.25 0.0
16.3 0.0
16.35 0.0
16.4 0.0
16.45 0.0
16.5 0.00014619170605720968
16.55 0.0
16.6 9.746113737147313e-05
16.65 0.00024365284342868282
16.7 0.00019492227474294626
16.75 0.0004385751181716291
16.8 0.0003898445494858925
16.85 0.00024365284342868282
16.9 0.0005360362555431022
16.95 0.0005360362555431022
17.0 0.0007309585302860484
17.05 0.0007309585302860484
17.1 0.0008284196676575216
17.15 0.0008771502363432582
17.2 0.0012669947858291507
17.25 0.001218264217143414
17.3 0.0015106476292578335
17.35 0.0014131864918863603
17.4 0.0010720725110862045
17.45 0.0013644559232006237
17.5 0.0013644559232006237
17.55 0.001218264217143414
17.6 0.0018030310413722527
17.65 0.0010720725110862045
17.7 0.0013644559232006237
17.75 0.001656839335315043
17.8 0.0008771502363432582
17.85 0.0016081087666293065
17.9 0.0016081087666293065
17.95 0.00155937819794357
18.0 0.0013644559232006237
18.05 0.0014131864918863603
18.1 0.0013644559232006237
18.15 0.001218264217143414
18.2 0.001900492178743726
18.25 0.001218264217143414
18.3 0.0013157253545148873
18.35 0.0008284196676575216
18.4 0.0014131864918863603
18.45 0.0009746113737147313
18.5 0.0008771502363432582
18.55 0.0008771502363432582
18.6 0.0008771502363432582
18.65 0.0008771502363432582
18.7 0.0010720725110862045
18.75 0.0009258808050289947
18.8 0.0005847668242288387
18.85 0.00048730568685736563
18.9 0.000779689098971785
18.95 0.0003898445494858925
19.0
