***
10000000.0
89.0
14.0 0.0
14.05 0.0
14.1 0.0
14.15 0.0
14.2 0.0
14.25 0.0
14.3 0.0
14.35 0.0
14.4 0.0
14.45 0.0
14.5 0.0
14.55 0.0
14.6 0.001059322033898305
14.65 0.0
14.7 0.0
14.75 0.0
14.8 0.001059322033898305
14.85 0.0
14.9 0.0
14.95 0.0
15.0 0.001059322033898305
15.05 0.001059322033898305
15.1 0.00423728813559322
15.15 0.00211864406779661
15.2 0.00211864406779661
15.25 0.0031779661016949155
15.3 0.00211864406779661
15.35 0.00211864406779661
15.4 0.0031779661016949155
15.45 0.014830508474576272
15.5 0.005296610169491525
15.55 0.012711864406779662
15.6 0.015889830508474576
15.65 0.022245762711864406
15.7 0.03389830508474576
15.75 0.045550847457627115
15.8 0.06885593220338983
15.85 0.1260593220338983
15.9 0.20233050847457626
15.95 0.4290254237288136
16.0 0.0
16.05 0.0
16.1 0.0
16.15 0.0
16.2 0.0
16.25 0.0
16.3 0.0
16.35 0.0
16.4 0.0
16.45 0.0
16.5 0.0
16.55 0.0
16.6 0.0
16.65 0.0
16.7 0.0
16.75 0.0
16.8 0.0
16.85 0.0
16.9 0.0
16.95 0.0
17.0 0.0
17.05 0.0
17.1 0.0
17.15 0.0
17.2 0.0
17.25 0.0
17.3 0.0
17.35 0.0
17.4 0.0
17.45 0.0
17.5 0.0
17.55 0.0
17.6 0.0
17.65 0.0
17.7 0.0
17.75 0.0
17.8 0.0
17.85 0.0
17.9 0.0
17.95 0.0
18.0 0.0
18.05 0.0
18.1 0.0
18.15 0.0
18.2 0.0
18.25 0.0
18.3 0.0
18.35 0.0
18.4 0.0
18.45 0.0
18.5 0.0
18.55 0.0
18.6 0.0
18.65 0.0
18.7 0.0
18.75 0.0
18.8 0.0
18.85 0.0
18.9 0.0
18.95 0.0
19.0
***
10000000.0
89.33333333333333
14.0 0.0
14.05 0.0
14.1 0.0
14.15 0.0
14.2 0.0
14.25 0.0
14.3 0.0
14.35 0.0
14.4 0.0
14.45 0.0
14.5 0.0
14.55 0.0
14.6 0.001943634596695821
14.65 0.0009718172983479105
14.7 0.0009718172983479105
14.75 0.0
14.8 0.0
14.85 0.0009718172983479105
14.9 0.0009718172983479105
14.95 0.0009718172983479105
15.0 0.0029154518950437317
15.05 0.0
15.1 0.0009718172983479105
15.15 0.0029154518950437317
15.2 0.001943634596695821
15.25 0.0058309037900874635
15.3 0.0029154518950437317
15.35 0.003887269193391642
15.4 0.0058309037900874635
15.45 0.007774538386783284
15.5 0.0058309037900874635
15.55 0.011661807580174927
15.6 0.007774538386783284
15.65 0.021379980563654033
15.7 0.03304178814382896
15.75 0.05344995140913508
15.8 0.06608357628765792
15.85 0.12536443148688048
15.9 0.22157434402332363
15.95 0.41205053449951407
16.0 0.0
16.05 0.0
16.1 0.0
16.15 0.0
16.2 0.0
16.25 0.0
16.3 0.0
16.35 0.0
16.4 0.0
16.45 0.0
16.5 0.0
16.55 0.0
16.6 0.0
16.65 0.0
16.7 0.0
16.75 0.0
16.8 0.0
16.85 0.0
16.9 0.0
16.95 0.0
17.0 0.0
17.05 0.0
17.1 0.0
17.15 0.0
17.2 0.0
17.25 0.0
17.3 0.0
17.35 0.0
17.4 0.0
17.45 0.0
17.5 0.0
17.55 0.0
17.6 0.0
17.65 0.0
17.7 0.0
17.75 0.0
17.8 0.0
17.85 0.0
17.9 0.0
17.95 0.0
18.0 0.0
18.05 0.0
18.1 0.0
18.15 0.0
18.2 0.0
18.25 0.0
18.3 0.0
18.35 0.0
18.4 0.0
18.45 0.0
18.5 0.0
18.55 0.0
18.6 0.0
18.65 0.0
18.7 0.0
18.75 0.0
18.8 0.0
18.85 0.0
18.9 0.0
18.95 0.0
19.0
***
10000000.0
89.66666666666667
14.0 0.0
14.05 0.0
14.1 0.0
14.15 0.0
14.2 0.0
14.25 0.0
14.3 0.0
14.35 0.0
14.4 0.0
14.45 0.0
14.5 0.0
14.55 0.0
14.6 0.0
14.65 0.0
14.7 0.0
14.75 0.0
14.8 0.0
14.85 0.0
14.9 0.0
14.95 0.0021141649048625794
15.0 0.0010570824524312897
15.05 0.0
15.1 0.0010570824524312897
15.15 0.0021141649048625794
15.2 0.0
15.25 0.0021141649048625794
15.3 0.0010570824524312897
15.35 0.003171247357293869
15.4 0.005285412262156448
15.45 0.007399577167019027
15.5 0.012684989429175475
15.55 0.006342494714587738
15.6 0.013742071881606765
15.65 0.026427061310782242
15.7 0.02959830866807611
15.75 0.05813953488372093
15.8 0.08668076109936575
15.85 0.11733615221987315
15.9 0.21458773784355178
15.95 0.4090909090909091
16.0 0.0
16.05 0.0
16.1 0.0
16.15 0.0
16.2 0.0
16.25 0.0
16.3 0.0
16.35 0.0
16.4 0.0
16.45 0.0
16.5 0.0
16.55 0.0
16.6 0.0
16.65 0.0
16.7 0.0
16.75 0.0
16.8 0.0
16.85 0.0
16.9 0.0
16.95 0.0
17.0 0.0
17.05 0.0
17.1 0.0
17.15 0.0
17.2 0.0
17.25 0.0
17.3 0.0
17.35 0.0
17.4 0.0
17.45 0.0
17.5 0.0
17.55 0.0
17.6 0.0
17.65 0.0
17.7 0.0
17.75 0.0
17.8 0.0
17.85 0.0
17.9 0.0
17.95 0.0
18.0 0.0
18.05 0.0
18.1 0.0
18.15 0.0
18.2 0.0
18.25 0.0
18.3 0.0
18.35 0.0
18.4 0.0
18.45 0.0
18.5 0.0
18.55 0.0
18.6 0.0
18.65 0.0
18.7 0.0
18.75 0.0
18.8 0.0
18.85 0.0
18.9 0.0
18.95 0.0
19.0
***
1120000000.0
89.0
14.0 0.0
14.05 0.0
14.1 0.0
14.15 0.0
14.2 0.0
14.25 0.0
14.3 0.0
14.35 0.0
14.4 0.0
14.45 0.0
14.5 0.0
14.55 0.0
14.6 8.767084856614327e-06
14.65 8.767084856614327e-06
14.7 0.0
14.75 0.0
14.8 0.0
14.85 0.0
14.9 0.0
14.95 0.0
15.0 0.0
15.05 0.0
15.1 8.767084856614327e-06
15.15 2.6301254569842983e-05
15.2 1.7534169713228654e-05
15.25 8.767084856614327e-06
15.3 8.767084856614327e-06
15.35 8.767084856614327e-06
15.4 0.0
15.45 3.506833942645731e-05
15.5 0.0
15.55 2.6301254569842983e-05
15.6 1.7534169713228654e-05
15.65 7.013667885291462e-05
15.7 4.383542428307164e-05
15.75 8.767084856614328e-05
15.8 0.0001227391879926006
15.85 8.767084856614328e-05
15.9 0.00017534169713228655
15.95 0.0001928758668455152
16.0 0.00033314922455134446
16.05 0.0002980808851248871
16.1 0.000482189667113788
16.15 0.0007802705522386752
16.2 0.0009731464190841903
16.25 0.0011134197767900195
16.3 0.0017095815470397938
16.35 0.002007662432164681
16.4 0.0028843709178261135
16.45 0.003883818591480147
16.5 0.005041073792553238
16.55 0.006189561908769715
16.6 0.008197224340934397
16.65 0.010415296809657821
16.7 0.012063508762701314
16.75 0.014921578425957585
16.8 0.018042660634912285
16.85 0.020655251922183353
16.9 0.02321524070031474
16.95 0.025678791545023363
17.0 0.03106178164698456
17.05 0.03266615817574498
17.1 0.03593628082726213
17.15 0.037049700604052146
17.2 0.04013571447358039
17.25 0.042090774396605385
17.3 0.042722004506281615
17.35 0.04294994871255359
17.4 0.0453433628784093
17.45 0.04568527918781726
17.5 0.04537843121783576
17.55 0.045457334981545285
17.6 0.046448015570342706
17.65 0.04584308671523632
17.7 0.044080902659056835
17.75 0.04380912302850179
17.8 0.04112639506237781
17.85 0.04019708406757669
17.9 0.03651490842779867
17.95 0.03420039802565249
18.0 0.021461823728991872
18.05 0.0
18.1 0.0
18.15 0.0
18.2 0.0
18.25 0.0
18.3 0.0
18.35 0.0
18.4 0.0
18.45 0.0
18.5 0.0
18.55 0.0
18.6 0.0
18.65 0.0
18.7 0.0
18.75 0.0
18.8 0.0
18.85 0.0
18.9 0.0
18.95 0.0
19.0
***
1120000000.0
89.33333333333333
14.0 0.0
14.05 0.0
14.1 0.0
14.15 0.0
14.2 0.0
14.25 0.0
14.3 0.0
14.35 0.0
14.4 0.0
14.45 0.0
14.5 0.0
14.55 0.0
14.6 0.0
14.65 0.0
14.7 0.0
14.75 0.0
14.8 0.0
14.85 0.0
14.9 0.0
14.95 0.0
15.0 0.0
15.05 0.0
15.1 7.169640872688687e-06
15.15 7.169640872688687e-06
15.2 0.0
15.25 1.4339281745377374e-05
15.3 0.0
15.35 0.0
15.4 7.169640872688687e-06
15.45 0.0
15.5 2.150892261806606e-05
15.55 5.7357126981509495e-05
15.6 2.8678563490754748e-05
15.65 2.8678563490754748e-05
15.7 2.8678563490754748e-05
15.75 7.169640872688688e-05
15.8 7.169640872688688e-05
15.85 8.603569047226424e-05
15.9 0.00010037497221764162
15.95 0.00017207138094452849
16.0 0.0002652767122894814
16.05 0.00024376778967141535
16.1 0.0003799909662525004
16.15 0.0005807409106877837
16.2 0.0006237587559239158
16.25 0.000939222954322218
16.3 0.00141958889279236
16.35 0.0018712762677717473
16.4 0.002351642206241889
16.45 0.003341052646672928
16.5 0.00458857015852076
16.55 0.0062447572001118464
16.6 0.008008488854793263
16.65 0.009750711586856614
16.7 0.012640076858550155
16.75 0.014790969120356762
16.8 0.01792410218172172
16.85 0.02003197659829219
16.9 0.022691913362059696
16.95 0.025918251754769604
17.0 0.029029875893516494
17.05 0.030987187851760505
17.1 0.03410598163138009
17.15 0.037676462785979054
17.2 0.039397176595424334
17.25 0.040544319135054525
17.3 0.04306803272224094
17.35 0.043806505732127875
17.4 0.04604343368440675
17.45 0.046222674706223967
17.5 0.04554155882331854
17.55 0.04678190669429368
17.6 0.04642342465065925
17.65 0.046294371114950855
17.7 0.044874782222158495
17.75 0.044874782222158495
17.8 0.04292463990478717
17.85 0.04111789040486962
17.9 0.03829305190103028
17.95 0.03451465116112334
18.0 0.02216852957835342
18.05 0.0
18.1 0.0
18.15 0.0
18.2 0.0
18.25 0.0
18.3 0.0
18.35 0.0
18.4 0.0
18.45 0.0
18.5 0.0
18.55 0.0
18.6 0.0
18.65 0.0
18.7 0.0
18.75 0.0
18.8 0.0
18.85 0.0
18.9 0.0
18.95 0.0
19.0
***
1120000000.0
89.66666666666667
14.0 0.0
14.05 0.0
14.1 0.0
14.15 0.0
14.2 6.634731492416502e-06
14.25 6.634731492416502e-06
14.3 0.0
14.35 0.0
14.4 0.0
14.45 0.0
14.5 0.0
14.55 0.0
14.6 0.0
14.65 0.0
14.7 0.0
14.75 0.0
14.8 0.0
14.85 0.0
14.9 0.0
14.95 0.0
15.0 0.0
15.05 0.0
15.1 6.634731492416502e-06
15.15 0.0
15.2 0.0
15.25 6.634731492416502e-06
15.3 0.0
15.35 0.0
15.4 1.3269462984833004e-05
15.45 1.3269462984833004e-05
15.5 1.9904194477249505e-05
15.55 5.3077851939332015e-05
15.6 3.980838895449901e-05
15.65 0.0
15.7 2.6538925969666007e-05
15.75 4.644312044691551e-05
15.8 2.6538925969666007e-05
15.85 0.00010615570387866403
15.9 4.644312044691551e-05
15.95 0.00012605989835591354
16.0 0.00022558087074216106
16.05 0.00025875452820424356
16.1 0.0003184671116359921
16.15 0.0004644312044691551
16.2 0.0005506827138705697
16.25 0.0007762635846127307
16.3 0.0011677127426653043
16.35 0.001784742771460039
16.4 0.0022558087074216106
16.45 0.003290826820238585
16.5 0.004047186210374066
16.55 0.005666060694523693
16.6 0.007165510011809822
16.65 0.009301893552367936
16.7 0.011186157296214222
16.75 0.014191690662278898
16.8 0.016639906582980587
16.85 0.020129775347991666
16.9 0.022883188917344515
16.95 0.02564323721818978
17.0 0.028681944241716537
17.05 0.03172728599673571
17.1 0.034294927084300895
17.15 0.03671660407903292
17.2 0.03918472419421186
17.25 0.04154668860551213
17.3 0.04226323960669312
17.35 0.044047982378153154
17.4 0.045587240084393785
17.45 0.04606494075184777
17.5 0.046330330011544435
17.55 0.04592561139050703
17.6 0.04664879712318042
17.65 0.04667533604915009
17.7 0.04685447379944534
17.75 0.044930401666644554
17.8 0.043066042117275515
17.85 0.04197794615251921
17.9 0.03910510741630286
17.95 0.03649102320829076
18.0 0.023380793779275752
18.05 0.0
18.1 0.0
18.15 0.0
18.2 0.0
18.25 0.0
18.3 0.0
18.35 0.0
18.4 0.0
18.45 0.0
18.5 0.0
18.55 0.0
18.6 0.0
18.65 0.0
18.7 0.0
18.75 0.0
18.8 0.0
18.85 0.0
18.9 0.0
18.95 0.0
19.0
***
2230000000.0
89.0
14.0 0.0
14.05 0.0
14.1 0.0
14.15 0.0
14.2 0.0
14.25 0.0
14.3 0.0
14.35 0.0
14.4 0.0
14.45 0.0
14.5 0.0
14.55 0.0
14.6 0.0
14.65 0.0
14.7 0.0
14.75 0.0
14.8 0.0
14.85 0.0
14.9 0.0
14.95 5.85418398529429e-06
15.0 0.0
15.05 0.0
15.1 5.85418398529429e-06
15.15 0.0
15.2 0.0
15.25 5.85418398529429e-06
15.3 5.85418398529429e-06
15.35 5.85418398529429e-06
15.4 1.756255195588287e-05
15.45 5.85418398529429e-06
15.5 1.756255195588287e-05
15.55 1.170836797058858e-05
15.6 3.512510391176574e-05
15.65 1.170836797058858e-05
15.7 7.025020782353148e-05
15.75 7.025020782353148e-05
15.8 5.8541839852942895e-05
15.85 5.8541839852942895e-05
15.9 0.00014050041564706296
15.95 0.00020489643948530013
16.0 0.00026929246332353733
16.05 0.00024002154339706588
16.1 0.000403938694985306
16.15 0.000585418398529429
16.2 0.0006322518704117834
16.25 0.0009600861735882635
16.3 0.001311337212705921
16.35 0.0016918591717500497
16.4 0.00210165205072065
16.45 0.002886112704750085
16.5 0.0038871781662354085
16.55 0.0052336404828530955
16.6 0.00671474903113255
16.65 0.007979252771956116
16.7 0.00989357093514735
16.75 0.012246952897235654
16.8 0.01438373005186807
16.85 0.01628048566310342
16.9 0.018598742521279958
16.95 0.021238979498647684
17.0 0.023545527988853635
17.05 0.025746701167324287
17.1 0.027988853633692
17.15 0.029458253814000867
17.2 0.031706260464353875
17.25 0.033854745986956876
17.3 0.03373766230725099
17.35 0.035130958095751036
17.4 0.03618471121310401
17.45 0.036009085693545176
17.5 0.03676427542764814
17.55 0.03818684213607465
17.6 0.03744921495392757
17.65 0.037045276258942265
17.7 0.03728529780233933
17.75 0.036975026051118735
17.8 0.03684623400344226
17.85 0.03618471121310401
17.9 0.036003231509559884
17.95 0.034656769192942194
18.0 0.033550328419721574
18.05 0.03256097132620684
18.1 0.03054127785128031
18.15 0.028978210727206733
18.2 0.026935100516339027
18.25 0.023896779027971292
18.3 0.01450666791555925
18.35 0.0
18.4 0.0
18.45 0.0
18.5 0.0
18.55 0.0
18.6 0.0
18.65 0.0
18.7 0.0
18.75 0.0
18.8 0.0
18.85 0.0
18.9 0.0
18.95 0.0
19.0
***
2230000000.0
89.33333333333333
14.0 0.0
14.05 0.0
14.1 0.0
14.15 0.0
14.2 0.0
14.25 0.0
14.3 0.0
14.35 0.0
14.4 0.0
14.45 0.0
14.5 0.0
14.55 0.0
14.6 0.0
14.65 0.0
14.7 0.0
14.75 0.0
14.8 0.0
14.85 0.0
14.9 0.0
14.95 5.082127175150431e-06
15.0 5.082127175150431e-06
15.05 0.0
15.1 0.0
15.15 5.082127175150431e-06
15.2 0.0
15.25 0.0
15.3 0.0
15.35 5.082127175150431e-06
15.4 0.0
15.45 2.0328508700601725e-05
15.5 1.5246381525451293e-05
15.55 1.0164254350300863e-05
15.6 2.5410635875752154e-05
15.65 5.082127175150431e-05
15.7 3.0492763050902587e-05
15.75 5.082127175150431e-05
15.8 6.098552610180517e-05
15.85 8.639616197755732e-05
15.9 9.656041632785819e-05
15.95 7.623190762725647e-05
16.0 0.00011180679785330948
16.05 0.00028459912180842415
16.1 0.0003455846479102293
16.15 0.00044214506423808747
16.2 0.000553951862091397
16.25 0.0008131403480240689
16.3 0.0010875752154821923
16.35 0.0014941453894942267
16.4 0.002017604488534721
16.45 0.0026681167669539763
16.5 0.003481257114978045
16.55 0.004858513579443812
16.6 0.00566148967311758
16.65 0.007648601398601399
16.7 0.009539152707757358
16.75 0.011561839323467231
16.8 0.014214709708895755
16.85 0.015505570011383965
16.9 0.018559928443649374
16.95 0.020450479752805333
17.0 0.022849243779476336
17.05 0.025319157586599448
17.1 0.027433322491462027
17.15 0.029257806147341033
17.2 0.03100605789559278
17.25 0.032906773459099044
17.3 0.03436534395836721
17.35 0.03519373068791674
17.4 0.03549357619125061
17.45 0.03742986664498293
17.5 0.03779577980159376
17.55 0.037724630021141646
17.6 0.03724691006667751
17.65 0.03813120019515368
17.7 0.037587412587412584
17.75 0.03760774109611319
17.8 0.037409538136282325
17.85 0.036764107985038215
17.9 0.03566636851520572
17.95 0.035203894942267035
18.0 0.03405533420068304
18.05 0.03300841600260205
18.1 0.031143275329321842
18.15 0.029471255488697348
18.2 0.028337941128638803
18.25 0.024516181492925677
18.3 0.015231135143925842
18.35 0.0
18.4 0.0
18.45 0.0
18.5 0.0
18.55 0.0
18.6 0.0
18.65 0.0
18.7 0.0
18.75 0.0
18.8 0.0
18.85 0.0
18.9 0.0
18.95 0.0
19.0
***
2230000000.0
89.66666666666667
14.0 0.0
14.05 0.0
14.1 0.0
14.15 0.0
14.2 0.0
14.25 0.0
14.3 0.0
14.35 0.0
14.4 0.0
14.45 0.0
14.5 0.0
14.55 0.0
14.6 0.0
14.65 0.0
14.7 0.0
14.75 0.0
14.8 0.0
14.85 0.0
14.9 0.0
14.95 0.0
15.0 4.585515274351379e-06
15.05 0.0
15.1 0.0
15.15 0.0
15.2 0.0
15.25 4.585515274351379e-06
15.3 9.171030548702757e-06
15.35 0.0
15.4 1.3756545823054137e-05
15.45 0.0
15.5 1.3756545823054137e-05
15.55 9.171030548702757e-06
15.6 2.2927576371756894e-05
15.65 5.5026183292216547e-05
15.7 2.2927576371756894e-05
15.75 2.7513091646108273e-05
15.8 5.044066801786517e-05
15.85 6.41972138409193e-05
15.9 7.795375966397344e-05
15.95 9.171030548702758e-05
16.0 0.00011463788185878448
16.05 0.00016507854987664965
16.1 0.00025220334008932584
16.15 0.00034391364557635344
16.2 0.00038059776777116445
16.25 0.0005502618329221655
16.3 0.0009125175395959244
16.35 0.001210576032428764
16.4 0.0017654233806252808
16.45 0.0024853492786984475
16.5 0.0033336696044534526
16.55 0.0043057988426159445
16.6 0.005809847852603197
16.65 0.007107548675244637
16.7 0.008973853391905649
16.75 0.010863085684938417
16.8 0.013192527444308917
16.85 0.014889168095818927
16.9 0.017773457203385943
16.95 0.020057043810012932
17.0 0.022753326791331543
17.05 0.025348728436614423
17.1 0.027485578554462164
17.15 0.029549060427920285
17.2 0.030154348444134668
17.25 0.0324333495354873
17.3 0.03399701024404112
17.35 0.03560652610533846
17.4 0.036106347270242756
17.45 0.03687212832105944
17.5 0.037353607424866334
17.55 0.03782132998285017
17.6 0.038765946129366555
17.65 0.03777088931483231
17.7 0.03844037454488761
17.75 0.03884389988903053
17.8 0.03702345032511303
17.85 0.03658782637404965
17.9 0.03551940131512578
17.95 0.03594585423564046
18.0 0.0342446280688561
18.05 0.03352470217078293
18.1 0.03224992892451325
18.15 0.030489091059162317
18.2 0.028361411971863277
18.25 0.026054897788864533
18.3 0.015737488421573933
18.35 0.0
18.4 0.0
18.45 0.0
18.5 0.0
18.55 0.0
18.6 0.0
18.65 0.0
18.7 0.0
18.75 0.0
18.8 0.0
18.85 0.0
18.9 0.0
18.95 0.0
19.0
***
3340000000.0
89.0
14.0 0.0
14.05 0.0
14.1 0.0
14.15 0.0
14.2 0.0
14.25 0.0
14.3 0.0
14.35 0.0
14.4 0.0
14.45 0.0
14.5 0.0
14.55 0.0
14.6 0.0
14.65 0.0
14.7 0.0
14.75 0.0
14.8 0.0
14.85 0.0
14.9 0.0
14.95 0.0
15.0 0.0
15.05 0.0
15.1 0.0
15.15 0.0
15.2 0.0
15.25 0.0
15.3 0.0
15.35 0.0
15.4 8.23045267489712e-05
15.45 0.0
15.5 0.0
15.55 0.0
15.6 0.0001646090534979424
15.65 8.23045267489712e-05
15.7 0.0
15.75 0.0
15.8 0.0001646090534979424
15.85 8.23045267489712e-05
15.9 0.0
15.95 0.0003292181069958848
16.0 0.0
16.05 0.0006584362139917696
16.1 0.0004938271604938272
16.15 0.0003292181069958848
16.2 0.0005761316872427984
16.25 0.0009876543209876543
16.3 0.0009053497942386831
16.35 0.0015637860082304527
16.4 0.0016460905349794238
16.45 0.0027983539094650206
16.5 0.003374485596707819
16.55 0.005102880658436214
16.6 0.005102880658436214
16.65 0.007654320987654321
16.7 0.009465020576131687
16.75 0.009300411522633745
16.8 0.013333333333333334
16.85 0.016872427983539096
16.9 0.016049382716049384
16.95 0.019588477366255144
17.0 0.021152263374485596
17.05 0.022469135802469137
17.1 0.026584362139917696
17.15 0.024362139917695473
17.2 0.026748971193415638
17.25 0.03168724279835391
17.3 0.03234567901234568
17.35 0.034156378600823045
17.4 0.03374485596707819
17.45 0.03242798353909465
17.5 0.0345679012345679
17.55 0.031358024691358025
17.6 0.03489711934156379
17.65 0.03539094650205761
17.7 0.03390946502057613
17.75 0.034156378600823045
17.8 0.030699588477366254
17.85 0.031193415637860083
17.9 0.030617283950617285
17.95 0.032757201646090535
18.0 0.03349794238683128
18.05 0.030288065843621398
18.1 0.028395061728395062
18.15 0.02633744855967078
18.2 0.027489711934156377
18.25 0.027160493827160494
18.3 0.02666666666666667
18.35 0.02205761316872428
18.4 0.02148148148148148
18.45 0.019917695473251028
18.5 0.004773662551440329
18.55 0.0
18.6 0.0
18.65 0.0
18.7 0.0
18.75 0.0
18.8 0.0
18.85 0.0
18.9 0.0
18.95 0.0
19.0
***
3340000000.0
89.33333333333333
14.0 0.0
14.05 0.0
14.1 0.0
14.15 0.0
14.2 0.0
14.25 0.0
14.3 0.0
14.35 0.0
14.4 0.0
14.45 0.0
14.5 0.0
14.55 0.0
14.6 0.0
14.65 0.0
14.7 0.0
14.75 0.0
14.8 0.0
14.85 0.0
14.9 0.0
14.95 0.0
15.0 0.0
15.05 0.0
15.1 0.0
15.15 0.0
15.2 0.0
15.25 0.0
15.3 0.0
15.35 0.0
15.4 0.0
15.45 0.0
15.5 6.802721088435374e-05
15.55 0.0
15.6 6.802721088435374e-05
15.65 0.0
15.7 0.0
15.75 0.0
15.8 0.0
15.85 0.0
15.9 0.0
15.95 0.00020408163265306123
16.0 6.802721088435374e-05
16.05 0.00027210884353741496
16.1 0.0006802721088435374
16.15 0.00027210884353741496
16.2 0.0003401360544217687
16.25 0.0010204081632653062
16.3 0.0014965986394557824
16.35 0.0012244897959183673
16.4 0.002108843537414966
16.45 0.0023129251700680273
16.5 0.004217687074829932
16.55 0.004149659863945578
16.6 0.004897959183673469
16.65 0.006462585034013605
16.7 0.008435374149659863
16.75 0.010408163265306122
16.8 0.011700680272108844
16.85 0.014829931972789116
16.9 0.015306122448979591
16.95 0.018299319727891155
17.0 0.019183673469387756
17.05 0.020612244897959184
17.1 0.024829931972789116
17.15 0.027755102040816326
17.2 0.02639455782312925
17.25 0.03
17.3 0.032857142857142856
17.35 0.03326530612244898
17.4 0.03258503401360544
17.45 0.03258503401360544
17.5 0.031224489795918367
17.55 0.0335374149659864
17.6 0.03374149659863945
17.65 0.03428571428571429
17.7 0.0335374149659864
17.75 0.03462585034013605
17.8 0.03340136054421769
17.85 0.03653061224489796
17.9 0.03306122448979592
17.95 0.031768707482993194
18.0 0.030952380952380953
18.05 0.03013605442176871
18.1 0.03034013605442177
18.15 0.031224489795918367
18.2 0.02761904761904762
18.25 0.027142857142857142
18.3 0.024625850340136056
18.35 0.0254421768707483
18.4 0.02414965986394558
18.45 0.018639455782312925
18.5 0.00510204081632653
18.55 0.0
18.6 0.0
18.65 0.0
18.7 0.0
18.75 0.0
18.8 0.0
18.85 0.0
18.9 0.0
18.95 0.0
19.0
***
3340000000.0
89.66666666666667
14.0 0.0
14.05 0.0
14.1 0.0
14.15 0.0
14.2 0.0
14.25 0.0
14.3 0.0
14.35 0.0
14.4 0.0
14.45 0.0
14.5 0.0
14.55 0.0
14.6 0.0
14.65 0.0
14.7 0.0
14.75 0.0
14.8 0.0
14.85 0.0
14.9 0.0
14.95 0.0
15.0 0.0
15.05 0.0
15.1 0.0
15.15 0.0
15.2 0.0
15.25 0.0
15.3 0.0
15.35 0.0
15.4 0.0
15.45 0.0
15.5 0.0
15.55 0.0
15.6 0.0
15.65 0.0
15.7 0.0
15.75 6.023007890140336e-05
15.8 6.023007890140336e-05
15.85 0.0
15.9 6.023007890140336e-05
15.95 6.023007890140336e-05
16.0 0.0
16.05 6.023007890140336e-05
16.1 0.00012046015780280672
16.15 0.0004216105523098235
16.2 0.0007227609468168403
16.25 0.0005420707101126302
16.3 0.0010239113413238572
16.35 0.0014455218936336807
16.4 0.0019273625248449075
16.45 0.002168282840450521
16.5 0.002830813708365958
16.55 0.004878636391013672
16.6 0.005179786785520689
16.65 0.005842317653436126
16.7 0.008191290730590857
16.75 0.009456122387520327
16.8 0.011865325543576463
16.85 0.01361199783171716
16.9 0.016081431066674697
16.95 0.017767873275913993
17.0 0.019153165090646268
17.05 0.01939408540625188
17.1 0.02523640305968801
17.15 0.02493525266518099
17.2 0.02830813708365958
17.25 0.029813889056194663
17.3 0.029874119135096067
17.35 0.031982171896645185
17.4 0.032042401975546586
17.45 0.035716436788532195
17.5 0.031801481659940976
17.55 0.03523459615732097
17.6 0.03246401252785641
17.65 0.0340902246581943
17.7 0.03258447268565922
17.75 0.03619827741974342
17.8 0.033367463711377464
17.85 0.03300608323796904
17.9 0.03270493284346202
17.95 0.033186773474673255
18.0 0.03282539300126483
18.05 0.03065711016081431
18.1 0.031921941817743785
18.15 0.028247907004758176
18.2 0.026742155032223092
18.25 0.030717340239715715
18.3 0.026019394085406253
18.35 0.025597783533096427
18.4 0.02451364211287117
18.45 0.021923748720110825
18.5 0.005360477022224899
18.55 0.0
18.6 0.0
18.65 0.0
18.7 0.0
18.75 0.0
18.8 0.0
18.85 0.0
18.9 0.0
18.95 0.0
19.0
***
4450000000.0
89.0
14.0 0.0
14.05 0.0
14.1 0.0
14.15 0.0
14.2 0.0
14.25 0.0
14.3 0.0
14.35 0.0
14.4 0.0
14.45 0.0
14.5 0.0
14.55 0.0
14.6 0.0
14.65 0.0
14.7 0.0
14.75 0.0
14.8 0.0
14.85 0.0
14.9 0.0
14.95 0.0
15.0 0.0
15.05 0.0
15.1 0.0
15.15 0.0
15.2 0.0
15.25 0.0
15.3 0.0
15.35 6.970584134950509e-05
15.4 0.0
15.45 0.0
15.5 0.0
15.55 0.0
15.6 6.970584134950509e-05
15.65 6.970584134950509e-05
15.7 0.0
15.75 0.0
15.8 6.970584134950509e-05
15.85 0.00013941168269901018
15.9 0.0
15.95 0.00013941168269901018
16.0 0.00020911752404851526
16.05 0.00020911752404851526
16.1 0.00027882336539802036
16.15 0.0004879408894465356
16.2 0.0005576467307960407
16.25 0.0004879408894465356
16.3 0.0006273525721455458
16.35 0.0014638226683396068
16.4 0.002160881081834658
16.45 0.0019517635577861424
16.5 0.0029276453366792136
16.55 0.004042938798271295
16.6 0.005018820577164366
16.65 0.006273525721455458
16.7 0.009340582740833683
16.75 0.009410288582183186
16.8 0.013383521539104977
16.85 0.013941168269901019
16.9 0.01589293182768716
16.95 0.017356754496026767
17.0 0.017844695385473303
17.05 0.02070263488080301
17.1 0.023769691900181234
17.15 0.02481527952042381
17.2 0.02837027742924857
17.25 0.026906454760908964
17.3 0.027603513174404015
17.35 0.02969468841488917
17.4 0.03164645197267531
17.45 0.031994981179422836
17.5 0.030461452669733723
17.55 0.03311027464101492
17.6 0.031228216924578278
17.65 0.029764394256238672
17.7 0.03053115851108323
17.75 0.03380733305450997
17.8 0.03157674613132581
17.85 0.03255262791021887
17.9 0.02962498257353966
17.95 0.030043217621636694
18.0 0.029973511780287187
18.05 0.03094939355918026
18.1 0.02850968911194758
18.15 0.026348808030112924
18.2 0.025930572982015895
18.25 0.025651749616617873
18.3 0.02753380733305451
18.35 0.024884985361773318
18.4 0.022654398438589154
18.45 0.02244528091454064
18.5 0.020493517356754497
18.55 0.019099400529764395
18.6 0.012895580649658442
18.65 0.0
18.7 0.0
18.75 0.0
18.8 0.0
18.85 0.0
18.9 0.0
18.95 0.0
19.0
***
4450000000.0
89.33333333333333
14.0 0.0
14.05 0.0
14.1 0.0
14.15 0.0
14.2 0.0
14.25 0.0
14.3 0.0
14.35 0.0
14.4 0.0
14.45 0.0
14.5 0.0
14.55 0.0
14.6 0.0
14.65 0.0
14.7 0.0
14.75 0.0
14.8 0.0
14.85 0.0
14.9 0.0
14.95 0.0
15.0 6.302388605281402e-05
15.05 0.0
15.1 0.0
15.15 0.0
15.2 0.0
15.25 0.0
15.3 0.0
15.35 0.0
15.4 0.0
15.45 0.0
15.5 0.0
15.55 0.00012604777210562803
15.6 0.0
15.65 0.00012604777210562803
15.7 0.00018907165815844205
15.75 0.0
15.8 0.0
15.85 0.00012604777210562803
15.9 6.302388605281402e-05
15.95 0.00012604777210562803
16.0 0.00012604777210562803
16.05 6.302388605281402e-05
16.1 0.0003151194302640701
16.15 0.0003781433163168841
16.2 0.0005672149744753262
16.25 0.0006932627465809542
16.3 0.0011344299489506524
16.35 0.0009453582907922103
16.4 0.0019537404676372343
16.45 0.0023318837839541185
16.5 0.002962122644482259
16.55 0.004474695909749795
16.6 0.0048528392260666795
16.65 0.0060502930610701455
16.7 0.007877985756601752
16.75 0.008382176845024264
16.8 0.01159639503371778
16.85 0.012919896640826873
16.9 0.014999684880569736
16.95 0.015818995399256318
17.0 0.018024831411104808
17.05 0.021869288460326465
17.1 0.02041973908111174
17.15 0.024201172244280582
17.2 0.026596079914287515
17.25 0.027856557635343795
17.3 0.028423772609819122
17.35 0.02981029810298103
17.4 0.029432154786664146
17.45 0.03044053696350917
17.5 0.032835444633516106
17.55 0.032898468519568916
17.6 0.03340265960799143
17.65 0.030944728051931682
17.7 0.03207915800088233
17.75 0.033150564063780176
17.8 0.031637990798512636
17.85 0.03119682359614294
17.9 0.029558202558769772
17.95 0.030503560849561982
18.0 0.03296149240562173
18.05 0.027037247116657212
18.1 0.02854982038192475
18.15 0.027352366546921282
18.2 0.028612844267977562
18.25 0.028171677065607865
18.3 0.024831411104808722
18.35 0.023760005041910885
18.4 0.024201172244280582
18.45 0.02256255120690742
18.5 0.02350790949769963
18.55 0.020608810739270185
18.6 0.013298039957143758
18.65 0.0
18.7 0.0
18.75 0.0
18.8 0.0
18.85 0.0
18.9 0.0
18.95 0.0
19.0
***
4450000000.0
89.66666666666667
14.0 0.0
14.05 0.0
14.1 0.0
14.15 0.0
14.2 0.0
14.25 0.0
14.3 0.0
14.35 0.0
14.4 0.0
14.45 0.0
14.5 0.0
14.55 0.0
14.6 0.0
14.65 0.0
14.7 0.0
14.75 0.0
14.8 0.0
14.85 0.0
14.9 0.0
14.95 0.0
15.0 0.0
15.05 0.0
15.1 0.0
15.15 0.0
15.2 0.0
15.25 0.0
15.3 0.0
15.35 0.0
15.4 0.0
15.45 0.0
15.5 0.0
15.55 0.0
15.6 0.0
15.65 0.0
15.7 0.0
15.75 0.0
15.8 0.0
15.85 5.4274084124830395e-05
15.9 0.0
15.95 5.4274084124830395e-05
16.0 5.4274084124830395e-05
16.05 5.4274084124830395e-05
16.1 0.00016282225237449117
16.15 0.00016282225237449117
16.2 0.000542740841248304
16.25 0.00021709633649932158
16.3 0.0007055630936227952
16.35 0.0010312075983717774
16.4 0.0011397557666214383
16.45 0.002496607869742198
16.5 0.002876526458616011
16.55 0.0027679782903663503
16.6 0.004776119402985075
16.65 0.00689280868385346
16.7 0.007001356852103121
16.75 0.008955223880597015
16.8 0.01096336499321574
16.85 0.011560379918588874
16.9 0.01525101763907734
16.95 0.015902306648575306
17.0 0.018778833107191317
17.05 0.0203527815468114
17.1 0.02084124830393487
17.15 0.02447761194029851
17.2 0.025834464043419266
17.25 0.025020352781546813
17.3 0.028005427408412484
17.35 0.028710990502035277
17.4 0.02876526458616011
17.45 0.031424694708276794
17.5 0.03354138398914518
17.55 0.030827679782903662
17.6 0.03533242876526459
17.65 0.034138398914518316
17.7 0.03153324287652646
17.75 0.03218453188602442
17.8 0.03131614654002714
17.85 0.03001356852103121
17.9 0.03175033921302578
17.95 0.032564450474898234
18.0 0.02903663500678426
18.05 0.029525101763907734
18.1 0.031099050203527816
18.15 0.030067842605156037
18.2 0.02762550881953867
18.25 0.027408412483039348
18.3 0.026811397557666216
18.35 0.024531886024423338
18.4 0.025671641791044777
18.45 0.025128900949796473
18.5 0.021221166892808684
18.55 0.020407055630936227
18.6 0.01242876526458616
18.65 0.0
18.7 0.0
18.75 0.0
18.8 0.0
18.85 0.0
18.9 0.0
18.95 0.0
19.0
***
5560000000.0
89.0
14.0 0.0
14.05 0.0
14.1 0.0
14.15 0.0
14.2 0.0
14.25 0.0
14.3 0.0
14.35 0.0
14.4 0.0
14.45 0.0
14.5 0.0
14.55 0.0
14.6 0.0
14.65 0.0
14.7 0.0
14.75 0.0
14.8 0.0
14.85 0.0
14.9 0.0
14.95 0.0
15.0 0.0
15.05 0.0
15.1 0.0
15.15 0.0
15.2 0.0
15.25 0.0
15.3 0.0
15.35 0.0
15.4 0.0
15.45 0.0
15.5 0.0
15.55 0.0
15.6 6.846501437765302e-05
15.65 0.0
15.7 0.0
15.75 6.846501437765302e-05
15.8 0.00013693002875530603
15.85 0.00020539504313295905
15.9 6.846501437765302e-05
15.95 0.00013693002875530603
16.0 0.00027386005751061206
16.05 0.00020539504313295905
16.1 0.00013693002875530603
16.15 0.0006161851293988771
16.2 0.0006161851293988771
16.25 0.0008900451869094893
16.3 0.0010269752156647953
16.35 0.0012323702587977543
16.4 0.0020539504313295907
16.45 0.0015746953306860195
16.5 0.0038340408051485693
16.55 0.003697110776393263
16.6 0.004792551006435711
16.65 0.006093386279611119
16.7 0.007873476653430097
16.75 0.010543612214158565
16.8 0.011844447487333973
16.85 0.01204984253046693
16.9 0.015678488292482542
16.95 0.01540462823497193
17.0 0.018690948925099274
17.05 0.020265644255785295
17.1 0.0215664795289607
17.15 0.023004244830891415
17.2 0.023551964945912638
17.25 0.024647405175955088
17.3 0.026495960564151717
17.35 0.028276050937970698
17.4 0.030124606326167327
17.45 0.026359030535396413
17.5 0.031425441599342734
17.55 0.031767766671231004
17.6 0.028686841024236614
17.65 0.030124606326167327
17.7 0.029782281254279064
17.75 0.03211009174311927
17.8 0.03128851157058743
17.85 0.03169930165685335
17.9 0.02834451595234835
17.95 0.028892236067369573
18.0 0.02875530603861427
18.05 0.0306038614268109
18.1 0.029371491168013145
18.15 0.027317540736683556
18.2 0.026222100506641106
18.25 0.02560591537724223
18.3 0.0249212652334657
18.35 0.025948240449130494
18.4 0.024168150075311517
18.45 0.020744899356428866
18.5 0.02047103929891825
18.55 0.022114199643981924
18.6 0.018622483910721622
18.65 0.0170477885800356
18.7 0.009858962070382034
18.75 0.0
18.8 0.0
18.85 0.0
18.9 0.0
18.95 0.0
19.0
***
5560000000.0
89.33333333333333
14.0 0.0
14.05 0.0
14.1 0.0
14.15 0.0
14.2 0.0
14.25 0.0
14.3 0.0
14.35 0.0
14.4 0.0
14.45 0.0
14.5 0.0
14.55 0.0
14.6 0.0
14.65 0.0
14.7 0.0
14.75 0.0
14.8 0.0
14.85 0.0
14.9 0.0
14.95 0.0
15.0 0.0
15.05 0.0
15.1 0.0
15.15 0.0
15.2 0.0
15.25 0.0
15.3 0.0
15.35 0.0
15.4 0.0
15.45 0.0
15.5 0.0
15.55 0.0
15.6 0.0
15.65 5.52761041401802e-05
15.7 5.52761041401802e-05
15.75 5.52761041401802e-05
15.8 0.0
15.85 0.0
15.9 5.52761041401802e-05
15.95 0.0001105522082803604
16.0 5.52761041401802e-05
16.05 0.0002211044165607208
16.1 0.0002211044165607208
16.15 0.0003316566248410812
16.2 0.0002211044165607208
16.25 0.0006633132496821624
16.3 0.0012160742910839644
16.35 0.0013266264993643249
16.4 0.0014371787076446851
16.45 0.002211044165607208
16.5 0.003150737935990271
16.55 0.004090431706373335
16.6 0.004366812227074236
16.65 0.005638162622298381
16.7 0.007296445746503786
16.75 0.009949698745232436
16.8 0.01105522082803604
16.85 0.012326571223260184
16.9 0.015808965784091536
16.95 0.017411972804156763
17.0 0.02000994969874523
17.05 0.020120501907025592
17.1 0.021778785031231
17.15 0.02443203802995965
17.2 0.023658172571997125
17.25 0.026256149466585596
17.3 0.025924492841744515
17.35 0.026366701674865954
17.4 0.028688298048753523
17.45 0.02979382013155713
17.5 0.028688298048753523
17.55 0.028577745840473165
17.6 0.030070200652258027
17.65 0.032447073130285775
17.7 0.03161793156818307
17.75 0.0281908131114919
17.8 0.028798850257033885
17.85 0.030236028964678568
17.9 0.028522469736332982
17.95 0.030070200652258027
18.0 0.03029130506881875
18.05 0.029406887402575868
18.1 0.02758277596594992
18.15 0.026532529987286495
18.2 0.02691946271626776
18.25 0.02553756011276325
18.3 0.025427007904482893
18.35 0.023879276988557848
18.4 0.02459786634238019
18.45 0.02404510530097839
18.5 0.02139185230224974
18.55 0.02211044165607208
18.6 0.01956774086562379
18.65 0.018351666574539828
18.7 0.01077884030733514
18.75 0.0
18.8 0.0
18.85 0.0
18.9 0.0
18.95 0.0
19.0
***
5560000000.0
89.66666666666667
14.0 0.0
14.05 0.0
14.1 0.0
14.15 0.0
14.2 0.0
14.25 0.0
14.3 0.0
14.35 0.0
14.4 0.0
14.45 0.0
14.5 0.0
14.55 0.0
14.6 0.0
14.65 0.0
14.7 0.0
14.75 0.0
14.8 0.0
14.85 0.0
14.9 0.0
14.95 0.0
15.0 0.0
15.05 0.0
15.1 0.0
15.15 0.0
15.2 0.0
15.25 0.0
15.3 0.0
15.35 0.0
15.4 0.0
15.45 0.0
15.5 4.641663572224285e-05
15.55 0.0
15.6 4.641663572224285e-05
15.65 0.0
15.7 4.641663572224285e-05
15.75 0.00013924990716672854
15.8 4.641663572224285e-05
15.85 4.641663572224285e-05
15.9 9.28332714444857e-05
15.95 4.641663572224285e-05
16.0 0.0001856665428889714
16.05 0.00013924990716672854
16.1 0.0002784998143334571
16.15 0.0002784998143334571
16.2 0.0003249164500557
16.25 0.0010211659858893427
16.3 0.0005569996286669142
16.35 0.0010211659858893427
16.4 0.0011604158930560713
16.45 0.0018102487931674711
16.5 0.0026457482361678425
16.55 0.003759747493501671
16.6 0.0038989974006683995
16.65 0.006034162643891571
16.7 0.007612328258447828
16.75 0.009004827330115114
16.8 0.00993316004455997
16.85 0.013275157816561455
16.9 0.013553657630894913
16.95 0.014667656888228742
17.0 0.016570738952840697
17.05 0.01968065354623097
17.1 0.021026735982176012
17.15 0.020608986260675827
17.2 0.023022651318232456
17.25 0.02641106572595618
17.3 0.027385815076123282
17.35 0.026457482361678424
17.4 0.03109914593390271
17.45 0.031006312662458225
17.5 0.03077422948384701
17.55 0.029520980319346454
17.6 0.030867062755291497
17.65 0.031052729298180468
17.7 0.03091347939101374
17.75 0.029520980319346454
17.8 0.030077979948013367
17.85 0.031516895655402895
17.9 0.030681396212402526
17.95 0.02863906424062384
18.0 0.028267731154845897
18.05 0.028267731154845897
18.1 0.027246565168956554
18.15 0.027107315261789826
18.2 0.029242480505012998
18.25 0.02701448199034534
18.3 0.02585406609728927
18.35 0.024322317118455256
18.4 0.02292981804678797
18.45 0.02441515038989974
18.5 0.022744151503898996
18.55 0.023301151132565912
18.6 0.01935573709617527
18.65 0.019030820646119568
18.7 0.012393241737838841
18.75 0.0
18.8 0.0
18.85 0.0
18.9 0.0
18.95 0.0
19.0
***
6670000000.0
89.0
14.0 0.0
14.05 0.0
14.1 0.0
14.15 0.0
14.2 0.0
14.25 0.0
14.3 0.0
14.35 0.0
14.4 0.0
14.45 0.0
14.5 0.0
14.55 0.0
14.6 0.0
14.65 0.0
14.7 0.0
14.75 0.0
14.8 0.0
14.85 0.0
14.9 0.0
14.95 0.0
15.0 0.0
15.05 0.0
15.1 0.0
15.15 0.0
15.2 0.0
15.25 0.0
15.3 0.0
15.35 0.0
15.4 0.0
15.45 0.0
15.5 0.0
15.55 0.0
15.6 0.0
15.65 0.0
15.7 0.0
15.75 0.0
15.8 0.0
15.85 0.0
15.9 0.0
15.95 0.0003924646781789639
16.0 0.0
16.05 0.0
16.1 0.0
16.15 0.0
16.2 0.0011773940345368916
16.25 0.0003924646781789639
16.3 0.0007849293563579278
16.35 0.0015698587127158557
16.4 0.003924646781789639
16.45 0.0027472527472527475
16.5 0.0019623233908948193
16.55 0.0031397174254317113
16.6 0.0027472527472527475
16.65 0.00706436420722135
16.7 0.009811616954474097
16.75 0.01098901098901099
16.8 0.008634222919937205
16.85 0.011773940345368918
16.9 0.015306122448979591
16.95 0.01609105180533752
17.0 0.01726844583987441
17.05 0.023547880690737835
17.1 0.022370486656200943
17.15 0.025510204081632654
17.2 0.027472527472527472
17.25 0.021585557299843013
17.3 0.02629513343799058
17.35 0.0282574568288854
17.4 0.02511773940345369
17.45 0.02629513343799058
17.5 0.03571428571428571
17.55 0.029042386185243328
17.6 0.02943485086342229
17.65 0.03021978021978022
17.7 0.02629513343799058
17.75 0.03139717425431711
17.8 0.025902668759811617
17.85 0.025510204081632654
17.9 0.02315541601255887
17.95 0.029042386185243328
18.0 0.020015698587127158
18.05 0.022762951334379906
18.1 0.031004709576138146
18.15 0.031789638932496075
18.2 0.023940345368916798
18.25 0.02119309262166405
18.3 0.026687598116169546
18.35 0.02433281004709576
18.4 0.02315541601255887
18.45 0.022370486656200943
18.5 0.02708006279434851
18.55 0.023940345368916798
18.6 0.020015698587127158
18.65 0.019623233908948195
18.7 0.01805337519623234
18.75 0.013343799058084773
18.8 0.0027472527472527475
18.85 0.0
18.9 0.0
18.95 0.0
19.0
***
6670000000.0
89.33333333333333
14.0 0.0
14.05 0.0
14.1 0.0
14.15 0.0
14.2 0.0
14.25 0.0
14.3 0.0
14.35 0.0
14.4 0.0
14.45 0.0
14.5 0.0
14.55 0.0
14.6 0.0
14.65 0.0
14.7 0.0
14.75 0.0
14.8 0.0
14.85 0.0
14.9 0.0
14.95 0.0
15.0 0.0
15.05 0.0
15.1 0.0
15.15 0.0
15.2 0.0
15.25 0.0
15.3 0.0
15.35 0.0
15.4 0.0
15.45 0.0
15.5 0.0
15.55 0.0
15.6 0.0
15.65 0.0
15.7 0.0
15.75 0.0
15.8 0.0
15.85 0.0
15.9 0.00037778617302606723
15.95 0.0
16.0 0.0
16.05 0.00037778617302606723
16.1 0.0
16.15 0.0
16.2 0.00037778617302606723
16.25 0.0007555723460521345
16.3 0.001511144692104269
16.35 0.0007555723460521345
16.4 0.00037778617302606723
16.45 0.0018889308651303363
16.5 0.001511144692104269
16.55 0.003400075557234605
16.6 0.006044578768417076
16.65 0.007933509633547412
16.7 0.004911220249338874
16.75 0.010200226671703816
16.8 0.009066868152625614
16.85 0.013222516055912353
16.9 0.018133736305251228
16.95 0.018511522478277295
17.0 0.018133736305251228
17.05 0.018133736305251228
17.1 0.021156025689459765
17.15 0.0230449565545901
17.2 0.0219115980355119
17.25 0.027956176803928975
17.3 0.02568945976577257
17.35 0.027956176803928975
17.4 0.029467321496033247
17.45 0.028333962976955042
17.5 0.027956176803928975
17.55 0.027956176803928975
17.6 0.03173403853418965
17.65 0.03135625236116358
17.7 0.03551190026445032
17.75 0.026822818284850773
17.8 0.025311673592746504
17.85 0.02568945976577257
17.9 0.03022289384208538
17.95 0.03362296939931998
18.0 0.02871174914998111
18.05 0.025311673592746504
18.1 0.024178315073668303
18.15 0.03437854174537212
18.2 0.024933887419720437
18.25 0.024178315073668303
18.3 0.02606724593879864
18.35 0.022289384208537967
18.4 0.022667170381564034
18.45 0.018889308651303362
18.5 0.025311673592746504
18.55 0.017000377786173027
18.6 0.016244805440120892
18.65 0.01775595013222516
18.7 0.019644880997355497
18.75 0.012466943709860219
18.8 0.0026445032111824707
18.85 0.0
18.9 0.0
18.95 0.0
19.0
***
6670000000.0
89.66666666666667
14.0 0.0
14.05 0.0
14.1 0.0
14.15 0.0
14.2 0.0
14.25 0.0
14.3 0.0
14.35 0.0
14.4 0.0
14.45 0.0
14.5 0.0
14.55 0.0
14.6 0.0
14.65 0.0
14.7 0.0
14.75 0.0
14.8 0.0
14.85 0.0
14.9 0.0
14.95 0.0
15.0 0.0
15.05 0.0
15.1 0.0
15.15 0.0
15.2 0.0
15.25 0.0
15.3 0.0
15.35 0.0
15.4 0.0003179650238473768
15.45 0.0
15.5 0.0
15.55 0.0
15.6 0.0
15.65 0.0
15.7 0.0
15.75 0.0
15.8 0.0
15.85 0.0
15.9 0.0
15.95 0.0
16.0 0.0
16.05 0.0
16.1 0.0003179650238473768
16.15 0.0009538950715421304
16.2 0.0
16.25 0.0006359300476947536
16.3 0.0003179650238473768
16.35 0.0012718600953895071
16.4 0.0006359300476947536
16.45 0.0012718600953895071
16.5 0.003179650238473768
16.55 0.002861685214626391
16.6 0.004133545310015898
16.65 0.0047694753577106515
16.7 0.007631160572337043
16.75 0.00794912559618442
16.8 0.010492845786963434
16.85 0.015262321144674086
16.9 0.010174880763116057
16.95 0.01875993640699523
17.0 0.013354531001589825
17.05 0.01589825119236884
17.1 0.01875993640699523
17.15 0.023529411764705882
17.2 0.025119236883942766
17.25 0.024165341812400636
17.3 0.027344992050874404
17.35 0.032432432432432434
17.4 0.031160572337042926
17.45 0.02702702702702703
17.5 0.030842607313195547
17.55 0.030206677265500796
17.6 0.029252782193958663
17.65 0.027980922098569158
17.7 0.027980922098569158
17.75 0.028934817170111288
17.8 0.033068362480127185
17.85 0.030842607313195547
17.9 0.028616852146263912
17.95 0.03434022257551669
18.0 0.032432432432432434
18.05 0.02480127186009539
18.1 0.02702702702702703
18.15 0.027344992050874404
18.2 0.02384737678855326
18.25 0.027344992050874404
18.3 0.02066772655007949
18.35 0.022575516693163752
18.4 0.017170111287758347
18.45 0.025437201907790145
18.5 0.022575516693163752
18.55 0.019077901430842606
18.6 0.021303656597774244
18.65 0.016534181240063592
18.7 0.01875993640699523
18.75 0.017488076311605722
18.8 0.0038155802861685214
18.85 0.0
18.9 0.0
18.95 0.0
19.0
***
7780000000.0
89.0
14.0 0.0
14.05 0.0
14.1 0.0
14.15 0.0
14.2 0.0
14.25 0.0
14.3 0.0
14.35 0.0
14.4 0.0
14.45 0.0
14.5 0.0
14.55 0.0
14.6 0.0
14.65 0.0
14.7 0.0
14.75 0.0
14.8 0.0
14.85 0.0
14.9 0.0
14.95 0.0
15.0 0.0
15.05 0.0
15.1 0.0
15.15 0.0
15.2 0.0
15.25 0.0
15.3 0.0
15.35 0.0
15.4 0.0
15.45 0.0
15.5 0.0
15.55 0.0
15.6 0.0
15.65 0.0
15.7 0.0
15.75 0.0
15.8 0.0
15.85 0.0
15.9 0.0
15.95 0.00039872408293460925
16.0 0.00039872408293460925
16.05 0.0007974481658692185
16.1 0.0
16.15 0.00039872408293460925
16.2 0.0011961722488038277
16.25 0.0007974481658692185
16.3 0.0007974481658692185
16.35 0.001993620414673046
16.4 0.0023923444976076554
16.45 0.0007974481658692185
16.5 0.0023923444976076554
16.55 0.0043859649122807015
16.6 0.00518341307814992
16.65 0.003189792663476874
16.7 0.006379585326953748
16.75 0.008771929824561403
16.8 0.012759170653907496
16.85 0.013157894736842105
16.9 0.012759170653907496
16.95 0.017543859649122806
17.0 0.018341307814992026
17.05 0.019138755980861243
17.1 0.018740031897926633
17.15 0.019537480063795853
17.2 0.02751196172248804
17.25 0.023524720893141945
17.3 0.023125996810207338
17.35 0.03269537480063796
17.4 0.02671451355661882
17.45 0.02751196172248804
17.5 0.03189792663476874
17.55 0.025917065390749602
17.6 0.028309409888357256
17.65 0.027910685805422646
17.7 0.028309409888357256
17.75 0.029505582137161084
17.8 0.028309409888357256
17.85 0.02671451355661882
17.9 0.03349282296650718
17.95 0.019537480063795853
18.0 0.029106858054226477
18.05 0.024322169059011165
18.1 0.025518341307814992
18.15 0.02751196172248804
18.2 0.024720893141945772
18.25 0.028309409888357256
18.3 0.019537480063795853
18.35 0.024720893141945772
18.4 0.0215311004784689
18.45 0.01594896331738437
18.5 0.02033492822966507
18.55 0.023524720893141945
18.6 0.01594896331738437
18.65 0.0215311004784689
18.7 0.023125996810207338
18.75 0.01594896331738437
18.8 0.01674641148325359
18.85 0.008373205741626795
18.9 0.0
18.95 0.0
19.0
***
7780000000.0
89.33333333333333
14.0 0.0
14.05 0.0
14.1 0.0
14.15 0.0
14.2 0.0
14.25 0.0
14.3 0.0
14.35 0.0
14.4 0.0
14.45 0.0
14.5 0.0
14.55 0.0
14.6 0.0
14.65 0.0
14.7 0.0
14.75 0.0
14.8 0.0
14.85 0.0
14.9 0.0
14.95 0.0
15.0 0.0
15.05 0.0
15.1 0.0
15.15 0.0
15.2 0.0
15.25 0.0
15.3 0.0
15.35 0.0
15.4 0.0
15.45 0.0
15.5 0.0
15.55 0.0
15.6 0.0
15.65 0.0
15.7 0.0
15.75 0.0
15.8 0.0
15.85 0.0
15.9 0.0
15.95 0.0
16.0 0.00035612535612535614
16.05 0.0
16.1 0.0010683760683760685
16.15 0.00035612535612535614
16.2 0.0
16.25 0.0007122507122507123
16.3 0.0007122507122507123
16.35 0.0007122507122507123
16.4 0.002136752136752137
16.45 0.002849002849002849
16.5 0.002492877492877493
16.55 0.0017806267806267807
16.6 0.004273504273504274
16.65 0.006766381766381766
16.7 0.009259259259259259
16.75 0.010327635327635327
16.8 0.011396011396011397
16.85 0.011752136752136752
16.9 0.012464387464387465
16.95 0.015313390313390313
17.0 0.020655270655270654
17.05 0.012108262108262107
17.1 0.025284900284900286
17.15 0.023504273504273504
17.2 0.023148148148148147
17.25 0.02564102564102564
17.3 0.028133903133903133
17.35 0.025284900284900286
17.4 0.027421652421652423
17.45 0.027065527065527065
17.5 0.02849002849002849
17.55 0.027777777777777776
17.6 0.024572649572649572
17.65 0.03311965811965812
17.7 0.02492877492877493
17.75 0.029914529914529916
17.8 0.02207977207977208
17.85 0.025284900284900286
17.9 0.0292022792022792
17.95 0.028133903133903133
18.0 0.027065527065527065
18.05 0.025284900284900286
18.1 0.026709401709401708
18.15 0.024572649572649572
18.2 0.027421652421652423
18.25 0.02207977207977208
18.3 0.032407407407407406
18.35 0.027777777777777776
18.4 0.019586894586894586
18.45 0.02101139601139601
18.5 0.018518518518518517
18.55 0.021723646723646725
18.6 0.019586894586894586
18.65 0.01673789173789174
18.7 0.020655270655270654
18.75 0.0202991452991453
18.8 0.01638176638176638
18.85 0.005698005698005698
18.9 0.0
18.95 0.0
19.0
***
7780000000.0
89.66666666666667
14.0 0.0
14.05 0.0
14.1 0.0
14.15 0.0
14.2 0.0
14.25 0.0
14.3 0.0
14.35 0.0
14.4 0.0
14.45 0.0
14.5 0.0
14.55 0.0
14.6 0.0
14.65 0.0
14.7 0.0
14.75 0.0
14.8 0.0
14.85 0.0
14.9 0.0
14.95 0.0
15.0 0.0
15.05 0.0
15.1 0.0
15.15 0.0
15.2 0.0
15.25 0.0
15.3 0.0
15.35 0.0
15.4 0.0
15.45 0.0
15.5 0.0
15.55 0.0003058103975535168
15.6 0.0
15.65 0.0
15.7 0.0
15.75 0.0
15.8 0.0
15.85 0.0
15.9 0.0
15.95 0.0003058103975535168
16.0 0.0
16.05 0.0
16.1 0.0
16.15 0.0003058103975535168
16.2 0.0
16.25 0.0006116207951070336
16.3 0.0006116207951070336
16.35 0.0009174311926605505
16.4 0.0012232415902140672
16.45 0.0027522935779816515
16.5 0.0024464831804281344
16.55 0.004281345565749235
16.6 0.004892966360856269
16.65 0.004281345565749235
16.7 0.00764525993883792
16.75 0.008256880733944955
16.8 0.009174311926605505
16.85 0.010703363914373088
16.9 0.011926605504587157
16.95 0.014678899082568808
17.0 0.015902140672782873
17.05 0.021712538226299694
17.1 0.022018348623853212
17.15 0.01926605504587156
17.2 0.02782874617737003
17.25 0.024159021406727828
17.3 0.026605504587155965
17.35 0.022935779816513763
17.4 0.025382262996941896
17.45 0.03241590214067278
17.5 0.029357798165137616
17.55 0.024770642201834864
17.6 0.030275229357798167
17.65 0.031192660550458717
17.7 0.02599388379204893
17.75 0.028440366972477066
17.8 0.03211009174311927
17.85 0.027522935779816515
17.9 0.02996941896024465
17.95 0.028134556574923548
18.0 0.028134556574923548
18.05 0.02507645259938838
18.1 0.029357798165137616
18.15 0.023547400611620795
18.2 0.023547400611620795
18.25 0.020795107033639144
18.3 0.02691131498470948
18.35 0.02018348623853211
18.4 0.02507645259938838
18.45 0.02599388379204893
18.5 0.017737003058103974
18.55 0.018654434250764525
18.6 0.019571865443425075
18.65 0.016819571865443424
18.7 0.01620795107033639
18.75 0.02110091743119266
18.8 0.018042813455657492
18.85 0.011926605504587157
18.9 0.0
18.95 0.0
19.0
***
8890000000.0
89.0
14.0 0.0
14.05 0.0
14.1 0.0
14.15 0.0
14.2 0.0
14.25 0.0
14.3 0.0
14.35 0.0
14.4 0.0
14.45 0.0
14.5 0.0
14.55 0.0
14.6 0.0
14.65 0.0
14.7 0.0
14.75 0.0
14.8 0.0
14.85 0.0
14.9 0.0
14.95 0.0
15.0 0.0
15.05 0.0
15.1 0.0
15.15 0.0
15.2 0.0
15.25 0.0
15.3 0.0
15.35 0.0
15.4 0.0
15.45 0.0
15.5 0.0
15.55 0.0
15.6 0.0
15.65 0.0
15.7 0.0
15.75 0.0
15.8 0.0
15.85 0.0004068348250610252
15.9 0.0
15.95 0.0004068348250610252
16.0 0.0004068348250610252
16.05 0.0004068348250610252
16.1 0.0008136696501220504
16.15 0.0
16.2 0.0008136696501220504
16.25 0.0004068348250610252
16.3 0.0004068348250610252
16.35 0.0012205044751830757
16.4 0.0032546786004882017
16.45 0.0024410089503661514
16.5 0.0024410089503661514
16.55 0.0028478437754271765
16.6 0.003661513425549227
16.65 0.0052888527257933275
16.7 0.004882017900732303
16.75 0.007323026851098454
16.8 0.013018714401952807
16.85 0.012205044751830757
16.9 0.009764035801464606
16.95 0.013832384052074858
17.0 0.015459723352318959
17.05 0.016680227827502035
17.1 0.021969080553295363
17.15 0.026037428803905614
17.2 0.027664768104149716
17.25 0.021969080553295363
17.3 0.02888527257933279
17.35 0.025223759153783564
17.4 0.026037428803905614
17.45 0.023596419853539462
17.5 0.03132628152969894
17.55 0.03336045565500407
17.6 0.025223759153783564
17.65 0.02725793327908869
17.7 0.03254678600488202
17.75 0.024410089503661515
17.8 0.030512611879576892
17.85 0.026037428803905614
17.9 0.02563059397884459
17.95 0.02807160292921074
18.0 0.03254678600488202
18.05 0.02888527257933279
18.1 0.030512611879576892
18.15 0.02644426362896664
18.2 0.018307567127746133
18.25 0.023596419853539462
18.3 0.023596419853539462
18.35 0.02115541090317331
18.4 0.022782750203417412
18.45 0.023596419853539462
18.5 0.022375915378356388
18.55 0.01627339300244101
18.6 0.018307567127746133
18.65 0.012205044751830757
18.7 0.01871440195280716
18.75 0.018307567127746133
18.8 0.011391375101708706
18.85 0.015866558177379985
18.9 0.010984540276647681
18.95 0.0
19.0
***
8890000000.0
89.33333333333333
14.0 0.0
14.05 0.0
14.1 0.0
14.15 0.0
14.2 0.0
14.25 0.0
14.3 0.0
14.35 0.0
14.4 0.0
14.45 0.0
14.5 0.0
14.55 0.0
14.6 0.0
14.65 0.0
14.7 0.0
14.75 0.0
14.8 0.0
14.85 0.0
14.9 0.0003365870077415012
14.95 0.0
15.0 0.0
15.05 0.0
15.1 0.0
15.15 0.0
15.2 0.0
15.25 0.0
15.3 0.0
15.35 0.0
15.4 0.0
15.45 0.0
15.5 0.0
15.55 0.0
15.6 0.0
15.65 0.0
15.7 0.0
15.75 0.0003365870077415012
15.8 0.0
15.85 0.0
15.9 0.0003365870077415012
15.95 0.0
16.0 0.0
16.05 0.0
16.1 0.0003365870077415012
16.15 0.0
16.2 0.0010097610232245036
16.25 0.0
16.3 0.0006731740154830024
16.35 0.0006731740154830024
16.4 0.002019522046449007
16.45 0.0010097610232245036
16.5 0.004039044092898014
16.55 0.004039044092898014
16.6 0.006058566139347021
16.65 0.007404914170313026
16.7 0.009424436216762033
16.75 0.009087849209020532
16.8 0.008751262201279031
16.85 0.01110737125546954
16.9 0.015146415348367553
16.95 0.017502524402558062
17.0 0.017839111410299563
17.05 0.017502524402558062
17.1 0.02221474251093908
17.15 0.021541568495456076
17.2 0.02288791652642208
17.25 0.023224503534163582
17.3 0.023897677549646584
17.35 0.027263547627061596
17.4 0.023224503534163582
17.45 0.0279367216425446
17.5 0.02558061258835409
17.55 0.024234264557388085
17.6 0.027600134634803097
17.65 0.02558061258835409
17.7 0.02591719959609559
17.75 0.028946482665769102
17.8 0.029956243688993606
17.85 0.029283069673510603
17.9 0.024907438572871088
17.95 0.027263547627061596
18.0 0.024907438572871088
18.05 0.024570851565129587
18.1 0.029956243688993606
18.15 0.02288791652642208
18.2 0.024907438572871088
18.25 0.023561090541905083
18.3 0.02221474251093908
18.35 0.027263547627061596
18.4 0.023897677549646584
18.45 0.017502524402558062
18.5 0.02255132951868058
18.55 0.018175698418041064
18.6 0.024570851565129587
18.65 0.01682935038707506
18.7 0.017502524402558062
18.75 0.015483002356109055
18.8 0.01682935038707506
18.85 0.01682935038707506
18.9 0.013463480309660047
18.95 0.0
19.0
***
8890000000.0
89.66666666666667
14.0 0.0
14.05 0.0
14.1 0.0
14.15 0.0
14.2 0.0
14.25 0.0
14.3 0.0
14.35 0.0
14.4 0.0
14.45 0.0
14.5 0.0
14.55 0.0
14.6 0.0
14.65 0.0
14.7 0.0
14.75 0.0
14.8 0.0
14.85 0.0
14.9 0.0
14.95 0.0
15.0 0.0
15.05 0.0
15.1 0.0
15.15 0.0
15.2 0.0
15.25 0.0
15.3 0.0
15.35 0.0
15.4 0.0
15.45 0.0
15.5 0.0
15.55 0.0
15.6 0.0
15.65 0.0
15.7 0.0
15.75 0.0
15.8 0.0002931691586045148
15.85 0.0
15.9 0.0
15.95 0.0
16.0 0.0
16.05 0.0
16.1 0.0
16.15 0.0
16.2 0.0008795074758135445
16.25 0.0002931691586045148
16.3 0.0005863383172090296
16.35 0.0008795074758135445
16.4 0.0008795074758135445
16.45 0.002931691586045148
16.5 0.0043975373790677225
16.55 0.0043975373790677225
16.6 0.004983875696276752
16.65 0.0023453532688361184
16.7 0.0067428906479038405
16.75 0.0067428906479038405
16.8 0.0067428906479038405
16.85 0.010847258868367049
16.9 0.012313104661389622
16.95 0.011726766344180592
17.0 0.01524479624743477
17.05 0.01817648783347992
17.1 0.01759014951627089
17.15 0.020228671943711522
17.2 0.019642333626502494
17.25 0.025505716798592787
17.3 0.026971562591615362
17.35 0.02198768689533861
17.4 0.027851070067428905
17.45 0.03136909997068309
17.5 0.032541776605101144
17.55 0.025505716798592787
17.6 0.026678393433010848
17.65 0.025212547639988273
17.7 0.02609205511580182
17.75 0.02755790090882439
17.8 0.02931691586045148
17.85 0.027264731750219876
17.9 0.03136909997068309
17.95 0.02316036352975667
18.0 0.025505716798592787
18.05 0.027264731750219876
18.1 0.024039871005570215
18.15 0.025505716798592787
18.2 0.02433304016417473
18.25 0.02257402521254764
18.3 0.03224860744649663
18.35 0.019642333626502494
18.4 0.026385224274406333
18.45 0.01817648783347992
18.5 0.023453532688361183
18.55 0.023453532688361183
18.6 0.021108179419525065
18.65 0.022867194371152155
18.7 0.02257402521254764
18.75 0.01759014951627089
18.8 0.017003811199061858
18.85 0.017003811199061858
18.9 0.012019935502785108
18.95 0.0
19.0
***
10000000000.0
89.0
14.0 0.0
14.05 0.0
14.1 0.0
14.15 0.0
14.2 0.0
14.25 0.0
14.3 0.0
14.35 0.0
14.4 0.0
14.45 0.0
14.5 0.0
14.55 0.0
14.6 0.0
14.65 0.0
14.7 0.0
14.75 0.0
14.8 0.0
14.85 0.0
14.9 0.0
14.95 0.0
15.0 0.0
15.05 0.0
15.1 0.0
15.15 0.0
15.2 0.0
15.25 0.0
15.3 0.0
15.35 0.0
15.4 0.0
15.45 0.0
15.5 0.0
15.55 0.0
15.6 0.0
15.65 0.0
15.7 0.0
15.75 0.0009328358208955224
15.8 0.0
15.85 0.0
15.9 0.0
15.95 0.0
16.0 0.0
16.05 0.0
16.1 0.0
16.15 0.0
16.2 0.0009328358208955224
16.25 0.0
16.3 0.002798507462686567
16.35 0.0
16.4 0.0009328358208955224
16.45 0.0009328358208955224
16.5 0.005597014925373134
16.55 0.0009328358208955224
16.6 0.0037313432835820895
16.65 0.0046641791044776115
16.7 0.008395522388059701
16.75 0.010261194029850746
16.8 0.008395522388059701
16.85 0.008395522388059701
16.9 0.013059701492537313
16.95 0.0065298507462686565
17.0 0.018656716417910446
17.05 0.020522388059701493
17.1 0.018656716417910446
17.15 0.014925373134328358
17.2 0.01958955223880597
17.25 0.020522388059701493
17.3 0.027985074626865673
17.35 0.017723880597014924
17.4 0.030783582089552237
17.45 0.029850746268656716
17.5 0.029850746268656716
17.55 0.027985074626865673
17.6 0.024253731343283583
17.65 0.033582089552238806
17.7 0.027985074626865673
17.75 0.027052238805970148
17.8 0.026119402985074626
17.85 0.03544776119402985
17.9 0.03171641791044776
17.95 0.030783582089552237
18.0 0.02332089552238806
18.05 0.028917910447761194
18.1 0.024253731343283583
18.15 0.03544776119402985
18.2 0.022388059701492536
18.25 0.022388059701492536
18.3 0.018656716417910446
18.35 0.026119402985074626
18.4 0.021455223880597014
18.45 0.01958955223880597
18.5 0.01585820895522388
18.55 0.033582089552238806
18.6 0.011194029850746268
18.65 0.022388059701492536
18.7 0.017723880597014924
18.75 0.013059701492537313
18.8 0.017723880597014924
18.85 0.013059701492537313
18.9 0.011194029850746268
18.95 0.011194029850746268
19.0
***
10000000000.0
89.33333333333333
14.0 0.0
14.05 0.0
14.1 0.0
14.15 0.0
14.2 0.0
14.25 0.0
14.3 0.0
14.35 0.0
14.4 0.0
14.45 0.0
14.5 0.0
14.55 0.0
14.6 0.0
14.65 0.0
14.7 0.0
14.75 0.0
14.8 0.0
14.85 0.0
14.9 0.0
14.95 0.0
15.0 0.0
15.05 0.0
15.1 0.0
15.15 0.0009345794392523365
15.2 0.0
15.25 0.0
15.3 0.0
15.35 0.0
15.4 0.0
15.45 0.0
15.5 0.0
15.55 0.0
15.6 0.0
15.65 0.0
15.7 0.0
15.75 0.0
15.8 0.0
15.85 0.0
15.9 0.0
15.95 0.0009345794392523365
16.0 0.0
16.05 0.0
16.1 0.0
16.15 0.0009345794392523365
16.2 0.0009345794392523365
16.25 0.0
16.3 0.001869158878504673
16.35 0.0009345794392523365
16.4 0.0009345794392523365
16.45 0.0009345794392523365
16.5 0.003738317757009346
16.55 0.001869158878504673
16.6 0.005607476635514018
16.65 0.007476635514018692
16.7 0.001869158878504673
16.75 0.003738317757009346
16.8 0.009345794392523364
16.85 0.011214953271028037
16.9 0.016822429906542057
16.95 0.012149532710280374
17.0 0.009345794392523364
17.05 0.024299065420560748
17.1 0.014953271028037384
17.15 0.025233644859813085
17.2 0.027102803738317756
17.25 0.018691588785046728
17.3 0.03457943925233645
17.35 0.024299065420560748
17.4 0.03177570093457944
17.45 0.024299065420560748
17.5 0.03271028037383177
17.55 0.03644859813084112
17.6 0.03551401869158879
17.65 0.03271028037383177
17.7 0.019626168224299065
17.75 0.026168224299065422
17.8 0.01588785046728972
17.85 0.024299065420560748
17.9 0.03457943925233645
17.95 0.020560747663551402
18.0 0.027102803738317756
18.05 0.026168224299065422
18.1 0.027102803738317756
18.15 0.019626168224299065
18.2 0.01588785046728972
18.25 0.02336448598130841
18.3 0.02897196261682243
18.35 0.02336448598130841
18.4 0.017757009345794394
18.45 0.024299065420560748
18.5 0.019626168224299065
18.55 0.016822429906542057
18.6 0.027102803738317756
18.65 0.018691588785046728
18.7 0.01588785046728972
18.75 0.022429906542056073
18.8 0.009345794392523364
18.85 0.01588785046728972
18.9 0.017757009345794394
18.95 0.007476635514018692
19.0
***
10000000000.0
89.66666666666667
14.0 0.0
14.05 0.0
14.1 0.0
14.15 0.0
14.2 0.0
14.25 0.0
14.3 0.0
14.35 0.0
14.4 0.0
14.45 0.0
14.5 0.0
14.55 0.0
14.6 0.0
14.65 0.0
14.7 0.0
14.75 0.0
14.8 0.0
14.85 0.0
14.9 0.0
14.95 0.0
15.0 0.0
15.05 0.0
15.1 0.0
15.15 0.0
15.2 0.0
15.25 0.0
15.3 0.0
15.35 0.0
15.4 0.0
15.45 0.0
15.5 0.0
15.55 0.0
15.6 0.0
15.65 0.0
15.7 0.0
15.75 0.0
15.8 0.0
15.85 0.0
15.9 0.0
15.95 0.0
16.0 0.0
16.05 0.0
16.1 0.0
16.15 0.0018726591760299626
16.2 0.0
16.25 0.0
16.3 0.0009363295880149813
16.35 0.0
16.4 0.0009363295880149813
16.45 0.0009363295880149813
16.5 0.0018726591760299626
16.55 0.003745318352059925
16.6 0.011235955056179775
16.65 0.006554307116104869
16.7 0.0018726591760299626
16.75 0.011235955056179775
16.8 0.006554307116104869
16.85 0.0056179775280898875
16.9 0.0149812734082397
16.95 0.011235955056179775
17.0 0.0149812734082397
17.05 0.02247191011235955
17.1 0.015917602996254682
17.15 0.027153558052434457
17.2 0.019662921348314606
17.25 0.025280898876404494
17.3 0.019662921348314606
17.35 0.02153558052434457
17.4 0.028089887640449437
17.45 0.019662921348314606
17.5 0.025280898876404494
17.55 0.0299625468164794
17.6 0.027153558052434457
17.65 0.03277153558052434
17.7 0.027153558052434457
17.75 0.0299625468164794
17.8 0.02902621722846442
17.85 0.023408239700374533
17.9 0.026217228464419477
17.95 0.031835205992509365
18.0 0.03089887640449438
18.05 0.024344569288389514
18.1 0.020599250936329586
18.15 0.02153558052434457
18.2 0.018726591760299626
18.25 0.024344569288389514
18.3 0.017790262172284643
18.35 0.025280898876404494
18.4 0.019662921348314606
18.45 0.03277153558052434
18.5 0.025280898876404494
18.55 0.018726591760299626
18.6 0.011235955056179775
18.65 0.02902621722846442
18.7 0.02247191011235955
18.75 0.02153558052434457
18.8 0.017790262172284643
18.85 0.0149812734082397
18.9 0.017790262172284643
18.95 0.008426966292134831
19.0
