***
16.0
91.0
14.0 0.0
14.05 0.0
14.1 0.0
14.15 0.0
14.2 0.0
14.25 0.0
14.3 0.0
14.35 0.0
14.4 0.0
14.45 0.0
14.5 0.0
14.55 0.0
14.6 1.0658670674042609e-07
14.65 1.0658670674042609e-07
14.7 1.0658670674042609e-07
14.75 0.0
14.8 0.0
14.85 0.0
14.9 1.0658670674042609e-07
14.95 0.0
15.0 0.0
15.05 1.0658670674042609e-07
15.1 0.0
15.15 0.0
15.2 2.1317341348085218e-07
15.25 1.0658670674042609e-07
15.3 2.1317341348085218e-07
15.35 1.0658670674042609e-07
15.4 4.2634682696170435e-07
15.45 6.395202404425565e-07
15.5 1.065867067404261e-06
15.55 1.172453774144687e-06
15.6 2.344907548289374e-06
15.65 2.344907548289374e-06
15.7 3.1976012022127827e-06
15.75 5.222748630280878e-06
15.8 7.567656178570253e-06
15.85 1.5881419304323487e-05
15.9 2.174368817504692e-05
15.95 3.9330494787217225e-05
16.0 0.0
16.05 0.0
16.1 0.0
16.15 0.0
16.2 0.0
16.25 0.0
16.3 0.0
16.35 0.0
16.4 0.0
16.45 0.0
16.5 0.0
16.55 0.0
16.6 0.0
16.65 0.0
16.7 0.0
16.75 0.0
16.8 0.0
16.85 0.0
16.9 0.0
16.95 0.0
17.0 0.0
17.05 0.0
17.1 0.0
17.15 0.0
17.2 0.0
17.25 0.0
17.3 0.0
17.35 0.0
17.4 0.0
17.45 0.0
17.5 0.0
17.55 0.0
17.6 0.0
17.65 0.0
17.7 0.0
17.75 0.0
17.8 0.0
17.85 0.0
17.9 0.0
17.95 0.0
18.0 0.0
18.05 0.0
18.1 0.0
18.15 0.0
18.2 0.0
18.25 0.0
18.3 0.0
18.35 0.0
18.4 0.0
18.45 0.0
18.5 0.0
18.55 0.0
18.6 0.0
18.65 0.0
18.7 0.0
18.75 0.0
18.8 0.0
18.85 0.0
18.9 0.0
18.95 0.0
19.0
***
16.0
90.66666666666667
14.0 0.0
14.05 0.0
14.1 0.0
14.15 0.0
14.2 0.0
14.25 0.0
14.3 0.0
14.35 0.0
14.4 0.0
14.45 0.0
14.5 0.0
14.55 0.0
14.6 0.0
14.65 0.0
14.7 0.0
14.75 0.0
14.8 0.0
14.85 0.0
14.9 0.0
14.95 0.0
15.0 1.0405335689656285e-07
15.05 0.0
15.1 0.0
15.15 1.0405335689656285e-07
15.2 3.1216007068968853e-07
15.25 2.081067137931257e-07
15.3 4.162134275862514e-07
15.35 5.202667844828142e-07
15.4 4.162134275862514e-07
15.45 6.243201413793771e-07
15.5 1.0405335689656284e-06
15.55 8.324268551725028e-07
15.6 1.4567469965518798e-06
15.65 1.7689070672415683e-06
15.7 3.433760777586574e-06
15.75 3.329707420690011e-06
15.8 6.55536148448346e-06
15.85 1.0821549117242537e-05
15.9 2.4764698941381956e-05
15.95 4.339024982586671e-05
16.0 0.0
16.05 0.0
16.1 0.0
16.15 0.0
16.2 0.0
16.25 0.0
16.3 0.0
16.35 0.0
16.4 0.0
16.45 0.0
16.5 0.0
16.55 0.0
16.6 0.0
16.65 0.0
16.7 0.0
16.75 0.0
16.8 0.0
16.85 0.0
16.9 0.0
16.95 0.0
17.0 0.0
17.05 0.0
17.1 0.0
17.15 0.0
17.2 0.0
17.25 0.0
17.3 0.0
17.35 0.0
17.4 0.0
17.45 0.0
17.5 0.0
17.55 0.0
17.6 0.0
17.65 0.0
17.7 0.0
17.75 0.0
17.8 0.0
17.85 0.0
17.9 0.0
17.95 0.0
18.0 0.0
18.05 0.0
18.1 0.0
18.15 0.0
18.2 0.0
18.25 0.0
18.3 0.0
18.35 0.0
18.4 0.0
18.45 0.0
18.5 0.0
18.55 0.0
18.6 0.0
18.65 0.0
18.7 0.0
18.75 0.0
18.8 0.0
18.85 0.0
18.9 0.0
18.95 0.0
19.0
***
16.0
90.33333333333333
14.0 0.0
14.05 0.0
14.1 1.066288489682326e-07
14.15 0.0
14.2 0.0
14.25 0.0
14.3 0.0
14.35 0.0
14.4 0.0
14.45 1.066288489682326e-07
14.5 0.0
14.55 0.0
14.6 0.0
14.65 1.066288489682326e-07
14.7 0.0
14.75 1.066288489682326e-07
14.8 0.0
14.85 0.0
14.9 0.0
14.95 0.0
15.0 1.066288489682326e-07
15.05 1.066288489682326e-07
15.1 1.066288489682326e-07
15.15 0.0
15.2 1.066288489682326e-07
15.25 0.0
15.3 5.33144244841163e-07
15.35 4.265153958729304e-07
15.4 7.464019427776282e-07
15.45 6.397730938093956e-07
15.5 6.397730938093956e-07
15.55 1.4928038855552565e-06
15.6 1.8126904324599542e-06
15.65 3.3054943180152105e-06
15.7 3.732009713888141e-06
15.75 3.6253808649199084e-06
15.8 7.250761729839817e-06
15.85 1.3221977272060842e-05
15.9 2.249868713229708e-05
15.95 4.201176649348364e-05
16.0 0.0
16.05 0.0
16.1 0.0
16.15 0.0
16.2 0.0
16.25 0.0
16.3 0.0
16.35 0.0
16.4 0.0
16.45 0.0
16.5 0.0
16.55 0.0
16.6 0.0
16.65 0.0
16.7 0.0
16.75 0.0
16.8 0.0
16.85 0.0
16.9 0.0
16.95 0.0
17.0 0.0
17.05 0.0
17.1 0.0
17.15 0.0
17.2 0.0
17.25 0.0
17.3 0.0
17.35 0.0
17.4 0.0
17.45 0.0
17.5 0.0
17.55 0.0
17.6 0.0
17.65 0.0
17.7 0.0
17.75 0.0
17.8 0.0
17.85 0.0
17.9 0.0
17.95 0.0
18.0 0.0
18.05 0.0
18.1 0.0
18.15 0.0
18.2 0.0
18.25 0.0
18.3 0.0
18.35 0.0
18.4 0.0
18.45 0.0
18.5 0.0
18.55 0.0
18.6 0.0
18.65 0.0
18.7 0.0
18.75 0.0
18.8 0.0
18.85 0.0
18.9 0.0
18.95 0.0
19.0
***
16.333333333333332
91.0
14.0 0.0
14.05 0.0
14.1 0.0
14.15 0.0
14.2 0.0
14.25 0.0
14.3 0.0
14.35 0.0
14.4 0.0
14.45 0.0
14.5 0.0
14.55 0.0
14.6 0.0
14.65 0.0
14.7 0.0
14.75 2.839681251458886e-07
14.8 0.0
14.85 2.839681251458886e-07
14.9 0.0
14.95 0.0
15.0 0.0
15.05 0.0
15.1 0.0
15.15 0.0
15.2 0.0
15.25 2.839681251458886e-07
15.3 0.0
15.35 8.519043754376659e-07
15.4 5.679362502917772e-07
15.45 5.679362502917772e-07
15.5 5.679362502917772e-07
15.55 1.4198406257294432e-06
15.6 5.679362502917772e-07
15.65 8.519043754376659e-07
15.7 1.1358725005835544e-06
15.75 2.5557131263129976e-06
15.8 2.271745001167109e-06
15.85 2.8396812514588864e-06
15.9 5.963330628063661e-06
15.95 6.2472987532095495e-06
16.0 1.1074756880689656e-05
16.05 1.1926661256127322e-05
16.1 2.2149513761379313e-05
16.15 3.8051728769549074e-05
16.2 4.7138708774217514e-05
16.25 8.661027816949604e-05
16.3 4.8274581274801064e-05
16.35 0.0
16.4 0.0
16.45 0.0
16.5 0.0
16.55 0.0
16.6 0.0
16.65 0.0
16.7 0.0
16.75 0.0
16.8 0.0
16.85 0.0
16.9 0.0
16.95 0.0
17.0 0.0
17.05 0.0
17.1 0.0
17.15 0.0
17.2 0.0
17.25 0.0
17.3 0.0
17.35 0.0
17.4 0.0
17.45 0.0
17.5 0.0
17.55 0.0
17.6 0.0
17.65 0.0
17.7 0.0
17.75 0.0
17.8 0.0
17.85 0.0
17.9 0.0
17.95 0.0
18.0 0.0
18.05 0.0
18.1 0.0
18.15 0.0
18.2 0.0
18.25 0.0
18.3 0.0
18.35 0.0
18.4 0.0
18.45 0.0
18.5 0.0
18.55 0.0
18.6 0.0
18.65 0.0
18.7 0.0
18.75 0.0
18.8 0.0
18.85 0.0
18.9 0.0
18.95 0.0
19.0
***
16.333333333333332
90.66666666666667
14.0 0.0
14.05 0.0
14.1 0.0
14.15 0.0
14.2 0.0
14.25 0.0
14.3 0.0
14.35 0.0
14.4 0.0
14.45 0.0
14.5 0.0
14.55 0.0
14.6 2.971482092066024e-07
14.65 0.0
14.7 0.0
14.75 0.0
14.8 0.0
14.85 0.0
14.9 0.0
14.95 0.0
15.0 0.0
15.05 2.971482092066024e-07
15.1 0.0
15.15 0.0
15.2 0.0
15.25 0.0
15.3 2.971482092066024e-07
15.35 0.0
15.4 2.971482092066024e-07
15.45 2.971482092066024e-07
15.5 5.942964184132048e-07
15.55 5.942964184132048e-07
15.6 2.377185673652819e-06
15.65 1.1885928368264096e-06
15.7 1.4857410460330119e-06
15.75 4.754371347305638e-06
15.8 2.6743338828594215e-06
15.85 3.8629267196858315e-06
15.9 5.348667765718843e-06
15.95 6.240112393338651e-06
16.0 1.0400187322231084e-05
16.05 1.485741046033012e-05
16.1 1.6343151506363132e-05
16.15 3.4172044058759276e-05
16.2 5.4080974075601636e-05
16.25 7.42870523016506e-05
16.3 5.467527049401484e-05
16.35 0.0
16.4 0.0
16.45 0.0
16.5 0.0
16.55 0.0
16.6 0.0
16.65 0.0
16.7 0.0
16.75 0.0
16.8 0.0
16.85 0.0
16.9 0.0
16.95 0.0
17.0 0.0
17.05 0.0
17.1 0.0
17.15 0.0
17.2 0.0
17.25 0.0
17.3 0.0
17.35 0.0
17.4 0.0
17.45 0.0
17.5 0.0
17.55 0.0
17.6 0.0
17.65 0.0
17.7 0.0
17.75 0.0
17.8 0.0
17.85 0.0
17.9 0.0
17.95 0.0
18.0 0.0
18.05 0.0
18.1 0.0
18.15 0.0
18.2 0.0
18.25 0.0
18.3 0.0
18.35 0.0
18.4 0.0
18.45 0.0
18.5 0.0
18.55 0.0
18.6 0.0
18.65 0.0
18.7 0.0
18.75 0.0
18.8 0.0
18.85 0.0
18.9 0.0
18.95 0.0
19.0
***
16.333333333333332
90.33333333333333
14.0 0.0
14.05 0.0
14.1 0.0
14.15 0.0
14.2 0.0
14.25 0.0
14.3 0.0
14.35 0.0
14.4 0.0
14.45 0.0
14.5 0.0
14.55 0.0
14.6 0.0
14.65 0.0
14.7 0.0
14.75 0.0
14.8 0.0
14.85 0.0
14.9 0.0
14.95 0.0
15.0 0.0
15.05 0.0
15.1 0.0
15.15 0.0
15.2 3.0419398328636577e-07
15.25 3.0419398328636577e-07
15.3 3.0419398328636577e-07
15.35 0.0
15.4 3.0419398328636577e-07
15.45 6.083879665727315e-07
15.5 3.0419398328636577e-07
15.55 1.5209699164318289e-06
15.6 1.216775933145463e-06
15.65 6.083879665727315e-07
15.7 1.8251638997181947e-06
15.75 3.0419398328636578e-06
15.8 2.737745849577292e-06
15.85 3.346133816150024e-06
15.9 5.171297715868218e-06
15.95 5.475491699154584e-06
16.0 1.0342595431736437e-05
16.05 1.4905505181031924e-05
16.1 2.0380996880186507e-05
16.15 3.1940368245068406e-05
16.2 5.292975309182765e-05
16.25 8.304495743717785e-05
16.3 5.749266284112313e-05
16.35 0.0
16.4 0.0
16.45 0.0
16.5 0.0
16.55 0.0
16.6 0.0
16.65 0.0
16.7 0.0
16.75 0.0
16.8 0.0
16.85 0.0
16.9 0.0
16.95 0.0
17.0 0.0
17.05 0.0
17.1 0.0
17.15 0.0
17.2 0.0
17.25 0.0
17.3 0.0
17.35 0.0
17.4 0.0
17.45 0.0
17.5 0.0
17.55 0.0
17.6 0.0
17.65 0.0
17.7 0.0
17.75 0.0
17.8 0.0
17.85 0.0
17.9 0.0
17.95 0.0
18.0 0.0
18.05 0.0
18.1 0.0
18.15 0.0
18.2 0.0
18.25 0.0
18.3 0.0
18.35 0.0
18.4 0.0
18.45 0.0
18.5 0.0
18.55 0.0
18.6 0.0
18.65 0.0
18.7 0.0
18.75 0.0
18.8 0.0
18.85 0.0
18.9 0.0
18.95 0.0
19.0
***
16.666666666666668
91.0
14.0 0.0
14.05 0.0
14.1 0.0
14.15 0.0
14.2 0.0
14.25 0.0
14.3 0.0
14.35 0.0
14.4 0.0
14.45 7.283543997704227e-07
14.5 0.0
14.55 0.0
14.6 0.0
14.65 0.0
14.7 0.0
14.75 0.0
14.8 0.0
14.85 0.0
14.9 0.0
14.95 0.0
15.0 0.0
15.05 0.0
15.1 0.0
15.15 0.0
15.2 0.0
15.25 7.283543997704227e-07
15.3 7.283543997704227e-07
15.35 2.185063199311268e-06
15.4 0.0
15.45 0.0
15.5 0.0
15.55 1.4567087995408454e-06
15.6 7.283543997704227e-07
15.65 2.185063199311268e-06
15.7 0.0
15.75 2.9134175990816907e-06
15.8 1.4567087995408454e-06
15.85 2.9134175990816907e-06
15.9 5.0984807983929585e-06
15.95 3.6417719988521133e-06
16.0 4.370126398622536e-06
16.05 1.0196961596785917e-05
16.1 8.740252797245073e-06
16.15 1.3110379195867609e-05
16.2 1.5295442395178875e-05
16.25 2.4035695192423948e-05
16.3 3.787442878806198e-05
16.35 4.8071390384847896e-05
16.4 5.608328878232255e-05
16.45 6.919366797819016e-05
16.5 0.00011362328636418594
16.55 0.00014567087995408454
16.6 0.00013911569035615073
16.65 2.9862530390587332e-05
16.7 0.0
16.75 0.0
16.8 0.0
16.85 0.0
16.9 0.0
16.95 0.0
17.0 0.0
17.05 0.0
17.1 0.0
17.15 0.0
17.2 0.0
17.25 0.0
17.3 0.0
17.35 0.0
17.4 0.0
17.45 0.0
17.5 0.0
17.55 0.0
17.6 0.0
17.65 0.0
17.7 0.0
17.75 0.0
17.8 0.0
17.85 0.0
17.9 0.0
17.95 0.0
18.0 0.0
18.05 0.0
18.1 0.0
18.15 0.0
18.2 0.0
18.25 0.0
18.3 0.0
18.35 0.0
18.4 0.0
18.45 0.0
18.5 0.0
18.55 0.0
18.6 0.0
18.65 0.0
18.7 0.0
18.75 0.0
18.8 0.0
18.85 0.0
18.9 0.0
18.95 0.0
19.0
***
16.666666666666668
90.66666666666667
14.0 0.0
14.05 0.0
14.1 0.0
14.15 0.0
14.2 0.0
14.25 0.0
14.3 0.0
14.35 0.0
14.4 0.0
14.45 0.0
14.5 0.0
14.55 0.0
14.6 0.0
14.65 0.0
14.7 0.0
14.75 0.0
14.8 0.0
14.85 0.0
14.9 0.0
14.95 0.0
15.0 0.0
15.05 0.0
15.1 0.0
15.15 0.0
15.2 0.0
15.25 0.0
15.3 0.0
15.35 0.0
15.4 0.0
15.45 0.0
15.5 0.0
15.55 0.0
15.6 1.41284445147727e-06
15.65 1.41284445147727e-06
15.7 1.41284445147727e-06
15.75 1.41284445147727e-06
15.8 0.0
15.85 1.41284445147727e-06
15.9 4.2385333544318104e-06
15.95 3.5321111286931755e-06
16.0 3.5321111286931755e-06
16.05 9.183488934602256e-06
16.1 7.064222257386351e-06
16.15 1.9073400094943147e-05
16.2 1.6954133417727242e-05
16.25 2.401835567511359e-05
16.3 3.3908266835454483e-05
16.35 3.744037796414766e-05
16.4 5.863304473630671e-05
16.45 8.47706670886362e-05
16.5 0.0001087890227637498
16.55 0.0001554128896624997
16.6 0.0001448165562764202
16.65 2.5431200126590864e-05
16.7 0.0
16.75 0.0
16.8 0.0
16.85 0.0
16.9 0.0
16.95 0.0
17.0 0.0
17.05 0.0
17.1 0.0
17.15 0.0
17.2 0.0
17.25 0.0
17.3 0.0
17.35 0.0
17.4 0.0
17.45 0.0
17.5 0.0
17.55 0.0
17.6 0.0
17.65 0.0
17.7 0.0
17.75 0.0
17.8 0.0
17.85 0.0
17.9 0.0
17.95 0.0
18.0 0.0
18.05 0.0
18.1 0.0
18.15 0.0
18.2 0.0
18.25 0.0
18.3 0.0
18.35 0.0
18.4 0.0
18.45 0.0
18.5 0.0
18.55 0.0
18.6 0.0
18.65 0.0
18.7 0.0
18.75 0.0
18.8 0.0
18.85 0.0
18.9 0.0
18.95 0.0
19.0
***
16.666666666666668
90.33333333333333
14.0 0.0
14.05 0.0
14.1 0.0
14.15 0.0
14.2 0.0
14.25 0.0
14.3 0.0
14.35 0.0
14.4 0.0
14.45 0.0
14.5 0.0
14.55 0.0
14.6 0.0
14.65 0.0
14.7 0.0
14.75 0.0
14.8 0.0
14.85 0.0
14.9 0.0
14.95 0.0
15.0 0.0
15.05 0.0
15.1 0.0
15.15 0.0
15.2 0.0
15.25 7.811749339711887e-07
15.3 1.5623498679423773e-06
15.35 0.0
15.4 7.811749339711887e-07
15.45 7.811749339711887e-07
15.5 7.811749339711887e-07
15.55 0.0
15.6 0.0
15.65 7.811749339711887e-07
15.7 7.811749339711887e-07
15.75 1.5623498679423773e-06
15.8 2.3435248019135663e-06
15.85 3.905874669855943e-06
15.9 2.3435248019135663e-06
15.95 1.5623498679423773e-06
16.0 3.905874669855943e-06
16.05 8.592924273683075e-06
16.1 5.468224537798321e-06
16.15 1.718584854736615e-05
16.2 1.718584854736615e-05
16.25 2.343524801913566e-05
16.3 3.671522189664587e-05
16.35 4.608932110430013e-05
16.4 5.54634203119544e-05
16.45 8.827276753874432e-05
16.5 0.00012811268917127495
16.55 0.00013983031318084277
16.6 0.00016014086146409369
16.65 2.968464749090517e-05
16.7 0.0
16.75 0.0
16.8 0.0
16.85 0.0
16.9 0.0
16.95 0.0
17.0 0.0
17.05 0.0
17.1 0.0
17.15 0.0
17.2 0.0
17.25 0.0
17.3 0.0
17.35 0.0
17.4 0.0
17.45 0.0
17.5 0.0
17.55 0.0
17.6 0.0
17.65 0.0
17.7 0.0
17.75 0.0
17.8 0.0
17.85 0.0
17.9 0.0
17.95 0.0
18.0 0.0
18.05 0.0
18.1 0.0
18.15 0.0
18.2 0.0
18.25 0.0
18.3 0.0
18.35 0.0
18.4 0.0
18.45 0.0
18.5 0.0
18.55 0.0
18.6 0.0
18.65 0.0
18.7 0.0
18.75 0.0
18.8 0.0
18.85 0.0
18.9 0.0
18.95 0.0
19.0
***
17.0
91.0
14.0 0.0
14.05 0.0
14.1 0.0
14.15 0.0
14.2 0.0
14.25 0.0
14.3 0.0
14.35 0.0
14.4 0.0
14.45 0.0
14.5 0.0
14.55 0.0
14.6 0.0
14.65 0.0
14.7 0.0
14.75 0.0
14.8 0.0
14.85 0.0
14.9 0.0
14.95 0.0
15.0 0.0
15.05 0.0
15.1 0.0
15.15 0.0
15.2 0.0
15.25 0.0
15.3 0.0
15.35 0.0
15.4 0.0
15.45 0.0
15.5 0.0
15.55 0.0
15.6 0.0
15.65 0.0
15.7 0.0
15.75 1.7294216122360039e-06
15.8 5.188264836708011e-06
15.85 1.7294216122360039e-06
15.9 8.647108061180018e-06
15.95 3.4588432244720077e-06
16.0 3.4588432244720077e-06
16.05 3.4588432244720077e-06
16.1 3.4588432244720077e-06
16.15 8.647108061180018e-06
16.2 5.188264836708011e-06
16.25 1.5564794510124035e-05
16.3 2.9400167408012064e-05
16.35 1.5564794510124035e-05
16.4 1.7294216122360037e-05
16.45 5.5341491591552124e-05
16.5 3.631785385695608e-05
16.55 7.782397255062017e-05
16.6 0.00011587124801981225
16.65 0.00011587124801981225
16.7 0.00015910678832571236
16.75 0.00016429505316242036
16.8 0.00020580117185608446
16.85 0.00019542464218266843
16.9 0.00024730729054974854
16.95 0.00015391852348900433
17.0 0.0
17.05 0.0
17.1 0.0
17.15 0.0
17.2 0.0
17.25 0.0
17.3 0.0
17.35 0.0
17.4 0.0
17.45 0.0
17.5 0.0
17.55 0.0
17.6 0.0
17.65 0.0
17.7 0.0
17.75 0.0
17.8 0.0
17.85 0.0
17.9 0.0
17.95 0.0
18.0 0.0
18.05 0.0
18.1 0.0
18.15 0.0
18.2 0.0
18.25 0.0
18.3 0.0
18.35 0.0
18.4 0.0
18.45 0.0
18.5 0.0
18.55 0.0
18.6 0.0
18.65 0.0
18.7 0.0
18.75 0.0
18.8 0.0
18.85 0.0
18.9 0.0
18.95 0.0
19.0
***
17.0
90.66666666666667
14.0 0.0
14.05 0.0
14.1 0.0
14.15 0.0
14.2 0.0
14.25 0.0
14.3 0.0
14.35 0.0
14.4 0.0
14.45 0.0
14.5 0.0
14.55 0.0
14.6 0.0
14.65 0.0
14.7 0.0
14.75 0.0
14.8 0.0
14.85 0.0
14.9 0.0
14.95 0.0
15.0 0.0
15.05 0.0
15.1 1.7934195848592344e-06
15.15 0.0
15.2 0.0
15.25 0.0
15.3 0.0
15.35 0.0
15.4 0.0
15.45 0.0
15.5 0.0
15.55 0.0
15.6 0.0
15.65 0.0
15.7 0.0
15.75 1.7934195848592344e-06
15.8 0.0
15.85 1.7934195848592344e-06
15.9 1.7934195848592344e-06
15.95 3.586839169718469e-06
16.0 5.380258754577704e-06
16.05 7.173678339436938e-06
16.1 1.4347356678873875e-05
16.15 1.4347356678873875e-05
16.2 1.4347356678873875e-05
16.25 1.4347356678873875e-05
16.3 3.407497211232546e-05
16.35 3.228155252746622e-05
16.4 4.842232879119933e-05
16.45 5.918284630035474e-05
16.5 5.20091679609178e-05
16.55 6.097626588521397e-05
16.6 9.684465758239866e-05
16.65 0.00013271304927958336
16.7 0.000145266986373598
16.75 0.0002026564130890935
16.8 0.0002241774481074043
16.85 0.00021879718935282662
16.9 0.0002546655810500113
16.95 0.00018113537807078268
17.0 0.0
17.05 0.0
17.1 0.0
17.15 0.0
17.2 0.0
17.25 0.0
17.3 0.0
17.35 0.0
17.4 0.0
17.45 0.0
17.5 0.0
17.55 0.0
17.6 0.0
17.65 0.0
17.7 0.0
17.75 0.0
17.8 0.0
17.85 0.0
17.9 0.0
17.95 0.0
18.0 0.0
18.05 0.0
18.1 0.0
18.15 0.0
18.2 0.0
18.25 0.0
18.3 0.0
18.35 0.0
18.4 0.0
18.45 0.0
18.5 0.0
18.55 0.0
18.6 0.0
18.65 0.0
18.7 0.0
18.75 0.0
18.8 0.0
18.85 0.0
18.9 0.0
18.95 0.0
19.0
***
17.0
90.33333333333333
14.0 0.0
14.05 0.0
14.1 0.0
14.15 0.0
14.2 0.0
14.25 0.0
14.3 0.0
14.35 0.0
14.4 0.0
14.45 0.0
14.5 0.0
14.55 0.0
14.6 0.0
14.65 0.0
14.7 0.0
14.75 0.0
14.8 0.0
14.85 0.0
14.9 0.0
14.95 0.0
15.0 0.0
15.05 0.0
15.1 0.0
15.15 0.0
15.2 0.0
15.25 0.0
15.3 1.9041888345983494e-06
15.35 0.0
15.4 0.0
15.45 0.0
15.5 0.0
15.55 1.9041888345983494e-06
15.6 0.0
15.65 0.0
15.7 0.0
15.75 1.9041888345983494e-06
15.8 1.9041888345983494e-06
15.85 0.0
15.9 1.9041888345983494e-06
15.95 1.9041888345983494e-06
16.0 3.808377669196699e-06
16.05 9.520944172991747e-06
16.1 5.712566503795048e-06
16.15 1.9041888345983494e-05
16.2 7.616755338393398e-06
16.25 9.520944172991747e-06
16.3 2.0946077180581844e-05
16.35 3.237121018817194e-05
16.4 3.237121018817194e-05
16.45 4.5700532030360386e-05
16.5 7.807174221853233e-05
16.55 9.711363056451582e-05
16.6 0.00010473038590290922
16.65 0.00015995186210626135
16.7 0.00015995186210626135
16.75 0.0002075565829712201
16.8 0.00022088590481340853
16.85 0.00027991575868595737
16.9 0.00027229900334756397
16.95 0.00021707752714421184
17.0 0.0
17.05 0.0
17.1 0.0
17.15 0.0
17.2 0.0
17.25 0.0
17.3 0.0
17.35 0.0
17.4 0.0
17.45 0.0
17.5 0.0
17.55 0.0
17.6 0.0
17.65 0.0
17.7 0.0
17.75 0.0
17.8 0.0
17.85 0.0
17.9 0.0
17.95 0.0
18.0 0.0
18.05 0.0
18.1 0.0
18.15 0.0
18.2 0.0
18.25 0.0
18.3 0.0
18.35 0.0
18.4 0.0
18.45 0.0
18.5 0.0
18.55 0.0
18.6 0.0
18.65 0.0
18.7 0.0
18.75 0.0
18.8 0.0
18.85 0.0
18.9 0.0
18.95 0.0
19.0
***
17.333333333333332
91.0
14.0 0.0
14.05 0.0
14.1 0.0
14.15 0.0
14.2 0.0
14.25 0.0
14.3 0.0
14.35 0.0
14.4 0.0
14.45 0.0
14.5 0.0
14.55 0.0
14.6 0.0
14.65 0.0
14.7 0.0
14.75 0.0
14.8 0.0
14.85 0.0
14.9 0.0
14.95 0.0
15.0 0.0
15.05 0.0
15.1 0.0
15.15 0.0
15.2 0.0
15.25 0.0
15.3 0.0
15.35 0.0
15.4 0.0
15.45 0.0
15.5 3.739016638624042e-06
15.55 0.0
15.6 3.739016638624042e-06
15.65 0.0
15.7 0.0
15.75 0.0
15.8 0.0
15.85 0.0
15.9 3.739016638624042e-06
15.95 0.0
16.0 3.739016638624042e-06
16.05 7.478033277248084e-06
16.1 7.478033277248084e-06
16.15 3.739016638624042e-06
16.2 7.478033277248084e-06
16.25 2.6173116470368294e-05
16.3 1.1217049915872125e-05
16.35 1.869508319312021e-05
16.4 4.112918302486446e-05
16.45 5.6085249579360626e-05
16.5 5.6085249579360626e-05
16.55 4.8607216302112544e-05
16.6 2.9912133108992335e-05
16.65 8.9736399326977e-05
16.7 0.00010095344924284913
16.75 0.00015703869882220976
16.8 0.00015703869882220976
16.85 0.0002131239484015704
16.9 0.0002318190315946906
16.95 0.00025425313142643486
17.0 0.00023929706487193868
17.05 0.0003365114974761638
17.1 0.00027668723125817907
17.15 0.00024677509814918677
17.2 0.00029164329781267525
17.25 0.0003215554309216676
17.3 0.0001159095157973453
17.35 0.0
17.4 0.0
17.45 0.0
17.5 0.0
17.55 0.0
17.6 0.0
17.65 0.0
17.7 0.0
17.75 0.0
17.8 0.0
17.85 0.0
17.9 0.0
17.95 0.0
18.0 0.0
18.05 0.0
18.1 0.0
18.15 0.0
18.2 0.0
18.25 0.0
18.3 0.0
18.35 0.0
18.4 0.0
18.45 0.0
18.5 0.0
18.55 0.0
18.6 0.0
18.65 0.0
18.7 0.0
18.75 0.0
18.8 0.0
18.85 0.0
18.9 0.0
18.95 0.0
19.0
***
17.333333333333332
90.66666666666667
14.0 0.0
14.05 0.0
14.1 0.0
14.15 0.0
14.2 0.0
14.25 0.0
14.3 0.0
14.35 0.0
14.4 0.0
14.45 0.0
14.5 0.0
14.55 0.0
14.6 0.0
14.65 0.0
14.7 0.0
14.75 0.0
14.8 0.0
14.85 0.0
14.9 0.0
14.95 0.0
15.0 0.0
15.05 0.0
15.1 0.0
15.15 0.0
15.2 0.0
15.25 0.0
15.3 0.0
15.35 0.0
15.4 0.0
15.45 0.0
15.5 0.0
15.55 0.0
15.6 3.6483434696476066e-06
15.65 0.0
15.7 0.0
15.75 0.0
15.8 0.0
15.85 3.6483434696476066e-06
15.9 0.0
15.95 3.6483434696476066e-06
16.0 3.6483434696476066e-06
16.05 3.6483434696476066e-06
16.1 0.0
16.15 3.6483434696476066e-06
16.2 3.6483434696476066e-06
16.25 1.824171734823803e-05
16.3 1.094503040894282e-05
16.35 3.283509122682846e-05
16.4 2.5538404287533245e-05
16.45 3.648343469647606e-05
16.5 6.202183898400931e-05
16.55 4.0131778166123673e-05
16.6 8.391189980189494e-05
16.65 0.00010945030408942819
16.7 0.00015323042572519947
16.75 0.00014228539531625664
16.8 0.00014228539531625664
16.85 0.00019336220389132313
16.9 0.0002991641645111037
16.95 0.00023714232552709443
17.0 0.00030646085145039895
17.05 0.0003392959426772274
17.1 0.0003830760643129987
17.15 0.0002736257602235705
17.2 0.0003465926296165226
17.25 0.0003174058818593418
17.3 0.00010945030408942819
17.35 0.0
17.4 0.0
17.45 0.0
17.5 0.0
17.55 0.0
17.6 0.0
17.65 0.0
17.7 0.0
17.75 0.0
17.8 0.0
17.85 0.0
17.9 0.0
17.95 0.0
18.0 0.0
18.05 0.0
18.1 0.0
18.15 0.0
18.2 0.0
18.25 0.0
18.3 0.0
18.35 0.0
18.4 0.0
18.45 0.0
18.5 0.0
18.55 0.0
18.6 0.0
18.65 0.0
18.7 0.0
18.75 0.0
18.8 0.0
18.85 0.0
18.9 0.0
18.95 0.0
19.0
***
17.333333333333332
90.33333333333333
14.0 0.0
14.05 0.0
14.1 0.0
14.15 0.0
14.2 0.0
14.25 0.0
14.3 0.0
14.35 0.0
14.4 0.0
14.45 0.0
14.5 0.0
14.55 0.0
14.6 0.0
14.65 0.0
14.7 0.0
14.75 0.0
14.8 0.0
14.85 0.0
14.9 0.0
14.95 0.0
15.0 0.0
15.05 0.0
15.1 0.0
15.15 0.0
15.2 0.0
15.25 0.0
15.3 0.0
15.35 0.0
15.4 0.0
15.45 0.0
15.5 0.0
15.55 0.0
15.6 0.0
15.65 0.0
15.7 0.0
15.75 0.0
15.8 0.0
15.85 4.123252256449797e-06
15.9 0.0
15.95 4.123252256449797e-06
16.0 0.0
16.05 0.0
16.1 4.123252256449797e-06
16.15 1.2369756769349392e-05
16.2 2.0616261282248987e-05
16.25 0.0
16.3 1.2369756769349392e-05
16.35 2.0616261282248987e-05
16.4 4.947902707739757e-05
16.45 4.5355774820947774e-05
16.5 3.7109270308048175e-05
16.55 8.658829738544574e-05
16.6 9.483480189834534e-05
16.65 0.00010720455866769473
16.7 0.0001649300902579919
16.75 0.0001690533425144417
16.8 0.0001443138289757429
16.85 0.00021440911733538946
16.9 0.00023090212636118866
16.95 0.0002927509102079356
17.0 0.0003216136760030842
17.05 0.00034635318954178297
17.1 0.00037521595533693156
17.15 0.00037109270308048175
17.2 0.0004205717301578793
17.25 0.00038346245984983117
17.3 0.00011957431543704412
17.35 0.0
17.4 0.0
17.45 0.0
17.5 0.0
17.55 0.0
17.6 0.0
17.65 0.0
17.7 0.0
17.75 0.0
17.8 0.0
17.85 0.0
17.9 0.0
17.95 0.0
18.0 0.0
18.05 0.0
18.1 0.0
18.15 0.0
18.2 0.0
18.25 0.0
18.3 0.0
18.35 0.0
18.4 0.0
18.45 0.0
18.5 0.0
18.55 0.0
18.6 0.0
18.65 0.0
18.7 0.0
18.75 0.0
18.8 0.0
18.85 0.0
18.9 0.0
18.95 0.0
19.0
***
17.666666666666668
91.0
14.0 0.0
14.05 0.0
14.1 0.0
14.15 0.0
14.2 0.0
14.25 0.0
14.3 0.0
14.35 0.0
14.4 0.0
14.45 0.0
14.5 0.0
14.55 0.0
14.6 0.0
14.65 0.0
14.7 0.0
14.75 0.0
14.8 0.0
14.85 0.0
14.9 0.0
14.95 0.0
15.0 0.0
15.05 0.0
15.1 0.0
15.15 0.0
15.2 0.0
15.25 0.0
15.3 0.0
15.35 0.0
15.4 0.0
15.45 0.0
15.5 0.0
15.55 0.0
15.6 0.0
15.65 0.0
15.7 0.0
15.75 0.0
15.8 6.760913805109899e-06
15.85 0.0
15.9 0.0
15.95 6.760913805109899e-06
16.0 0.0
16.05 6.760913805109899e-06
16.1 6.760913805109899e-06
16.15 2.0282741415329697e-05
16.2 0.0
16.25 2.7043655220439596e-05
16.3 2.7043655220439596e-05
16.35 3.3804569025549495e-05
16.4 2.0282741415329697e-05
16.45 2.0282741415329697e-05
16.5 2.7043655220439596e-05
16.55 4.7326396635769293e-05
16.6 0.00014197918990730787
16.65 8.113096566131879e-05
16.7 0.00012169644849197817
16.75 0.00016902284512774747
16.8 0.00014197918990730787
16.85 0.00016902284512774747
16.9 0.00027043655220439596
16.95 0.00028395837981461575
17.0 0.0003650893454759345
17.05 0.00032452386264527516
17.1 0.0003718502592810444
17.15 0.0003650893454759345
17.2 0.00032452386264527516
17.25 0.0003515675178657147
17.3 0.000466503052552583
17.35 0.0004462203111372533
17.4 0.0004462203111372533
17.45 0.000398893914501484
17.5 0.0004124157421117038
17.55 0.0005138294491883522
17.6 0.00033804569025549494
17.65 8.789187946642868e-05
17.7 0.0
17.75 0.0
17.8 0.0
17.85 0.0
17.9 0.0
17.95 0.0
18.0 0.0
18.05 0.0
18.1 0.0
18.15 0.0
18.2 0.0
18.25 0.0
18.3 0.0
18.35 0.0
18.4 0.0
18.45 0.0
18.5 0.0
18.55 0.0
18.6 0.0
18.65 0.0
18.7 0.0
18.75 0.0
18.8 0.0
18.85 0.0
18.9 0.0
18.95 0.0
19.0
***
17.666666666666668
90.66666666666667
14.0 0.0
14.05 0.0
14.1 0.0
14.15 0.0
14.2 0.0
14.25 0.0
14.3 0.0
14.35 0.0
14.4 0.0
14.45 0.0
14.5 0.0
14.55 0.0
14.6 0.0
14.65 0.0
14.7 0.0
14.75 0.0
14.8 0.0
14.85 0.0
14.9 0.0
14.95 0.0
15.0 0.0
15.05 0.0
15.1 0.0
15.15 0.0
15.2 0.0
15.25 0.0
15.3 0.0
15.35 0.0
15.4 0.0
15.45 0.0
15.5 0.0
15.55 0.0
15.6 0.0
15.65 0.0
15.7 0.0
15.75 0.0
15.8 0.0
15.85 0.0
15.9 0.0
15.95 0.0
16.0 2.148150800186173e-05
16.05 0.0
16.1 7.160502667287243e-06
16.15 7.160502667287243e-06
16.2 7.160502667287243e-06
16.25 1.4321005334574486e-05
16.3 2.8642010669148973e-05
16.35 2.148150800186173e-05
16.4 1.4321005334574486e-05
16.45 4.296301600372346e-05
16.5 3.580251333643622e-05
16.55 3.580251333643622e-05
16.6 9.308653467473417e-05
16.65 0.0001002470373420214
16.7 0.00023629658802047903
16.75 0.00015753105868031935
16.8 0.00019333357201675556
16.85 0.00025777809602234075
16.9 0.0003150621173606387
16.95 0.0003150621173606387
17.0 0.0003437041280297877
17.05 0.00042246965736994735
17.1 0.00038666714403351113
17.15 0.0003795066413662239
17.2 0.00046543267337367084
17.25 0.0004296301600372346
17.3 0.00045111166803909634
17.35 0.00045111166803909634
17.4 0.0004439511653718091
17.45 0.00042246965736994735
17.5 0.0005298771973792561
17.55 0.0003437041280297877
17.6 0.00032222262002792597
17.65 2.8642010669148973e-05
17.7 0.0
17.75 0.0
17.8 0.0
17.85 0.0
17.9 0.0
17.95 0.0
18.0 0.0
18.05 0.0
18.1 0.0
18.15 0.0
18.2 0.0
18.25 0.0
18.3 0.0
18.35 0.0
18.4 0.0
18.45 0.0
18.5 0.0
18.55 0.0
18.6 0.0
18.65 0.0
18.7 0.0
18.75 0.0
18.8 0.0
18.85 0.0
18.9 0.0
18.95 0.0
19.0
***
17.666666666666668
90.33333333333333
14.0 0.0
14.05 0.0
14.1 0.0
14.15 0.0
14.2 0.0
14.25 0.0
14.3 0.0
14.35 0.0
14.4 0.0
14.45 0.0
14.5 0.0
14.55 0.0
14.6 0.0
14.65 0.0
14.7 0.0
14.75 0.0
14.8 0.0
14.85 0.0
14.9 0.0
14.95 0.0
15.0 0.0
15.05 0.0
15.1 0.0
15.15 0.0
15.2 0.0
15.25 0.0
15.3 0.0
15.35 0.0
15.4 0.0
15.45 0.0
15.5 0.0
15.55 0.0
15.6 0.0
15.65 0.0
15.7 0.0
15.75 0.0
15.8 0.0
15.85 0.0
15.9 0.0
15.95 0.0
16.0 0.0
16.05 0.0
16.1 0.0
16.15 7.925060626713795e-06
16.2 7.925060626713795e-06
16.25 1.585012125342759e-05
16.3 3.170024250685518e-05
16.35 7.925060626713795e-06
16.4 4.7550363760282764e-05
16.45 3.170024250685518e-05
16.5 7.925060626713795e-05
16.55 4.7550363760282764e-05
16.6 0.0001268009700274207
16.65 0.00015057615190756208
16.7 0.00022190169754798624
16.75 0.00019812651566784487
16.8 0.0001347260306541345
16.85 0.0002536019400548414
16.9 0.00023775181880141382
16.95 0.00036455278882883453
17.0 0.00039625303133568974
17.05 0.0004675785769761139
17.1 0.0005072038801096828
17.15 0.00039625303133568974
17.2 0.000538904122616538
17.25 0.0005706043651233932
17.3 0.0005309790619898242
17.35 0.0005547542438699656
17.4 0.00047550363760282764
17.45 0.0005943795470035346
17.5 0.000538904122616538
17.55 0.0005468291832432518
17.6 0.0004438033950959725
17.65 6.340048501371036e-05
17.7 0.0
17.75 0.0
17.8 0.0
17.85 0.0
17.9 0.0
17.95 0.0
18.0 0.0
18.05 0.0
18.1 0.0
18.15 0.0
18.2 0.0
18.25 0.0
18.3 0.0
18.35 0.0
18.4 0.0
18.45 0.0
18.5 0.0
18.55 0.0
18.6 0.0
18.65 0.0
18.7 0.0
18.75 0.0
18.8 0.0
18.85 0.0
18.9 0.0
18.95 0.0
19.0
***
18.0
91.0
14.0 0.0
14.05 0.0
14.1 0.0
14.15 0.0
14.2 0.0
14.25 0.0
14.3 0.0
14.35 0.0
14.4 0.0
14.45 0.0
14.5 0.0
14.55 0.0
14.6 0.0
14.65 0.0
14.7 0.0
14.75 0.0
14.8 0.0
14.85 0.0
14.9 0.0
14.95 0.0
15.0 0.0
15.05 0.0
15.1 0.0
15.15 0.0
15.2 0.0
15.25 0.0
15.3 0.0
15.35 0.0
15.4 0.0
15.45 0.0
15.5 0.0
15.55 0.0
15.6 0.0
15.65 0.0
15.7 0.0
15.75 0.0
15.8 1.1467495384333109e-05
15.85 0.0
15.9 2.2934990768666217e-05
15.95 0.0
16.0 1.1467495384333109e-05
16.05 0.0
16.1 0.0
16.15 0.0
16.2 1.1467495384333109e-05
16.25 1.1467495384333109e-05
16.3 3.440248615299932e-05
16.35 2.2934990768666217e-05
16.4 6.880497230599864e-05
16.45 5.733747692166554e-05
16.5 2.2934990768666217e-05
16.55 6.880497230599864e-05
16.6 0.00011467495384333108
16.65 9.173996307466487e-05
16.7 0.00017201243076499662
16.75 0.00017201243076499662
16.8 0.00020641491691799594
16.85 0.0003325573661456601
16.9 0.00035549235691432633
16.95 0.00038989484306732565
17.0 0.0002522848984553284
17.05 0.0004357648246046581
17.1 0.00048163480614199055
17.15 0.0004701673107576574
17.2 0.0005733747692166554
17.25 0.000527504787679323
17.3 0.0004931023015263236
17.35 0.0004013623384516588
17.4 0.0005160372922949899
17.45 0.0006077772553696547
17.5 0.000527504787679323
17.55 0.0004586998153733243
17.6 0.000642179741522654
17.65 0.0004931023015263236
17.7 0.0006192447507539879
17.75 0.0005504397784479891
17.8 0.0004931023015263236
17.85 0.0004013623384516588
17.9 0.0002866873846083277
17.95 0.00027521988922399456
18.0 0.0
18.05 0.0
18.1 0.0
18.15 0.0
18.2 0.0
18.25 0.0
18.3 0.0
18.35 0.0
18.4 0.0
18.45 0.0
18.5 0.0
18.55 0.0
18.6 0.0
18.65 0.0
18.7 0.0
18.75 0.0
18.8 0.0
18.85 0.0
18.9 0.0
18.95 0.0
19.0
***
18.0
90.66666666666667
14.0 0.0
14.05 0.0
14.1 0.0
14.15 0.0
14.2 0.0
14.25 0.0
14.3 0.0
14.35 0.0
14.4 0.0
14.45 0.0
14.5 0.0
14.55 0.0
14.6 0.0
14.65 0.0
14.7 0.0
14.75 0.0
14.8 0.0
14.85 0.0
14.9 0.0
14.95 0.0
15.0 0.0
15.05 0.0
15.1 0.0
15.15 0.0
15.2 0.0
15.25 0.0
15.3 0.0
15.35 0.0
15.4 0.0
15.45 0.0
15.5 0.0
15.55 0.0
15.6 0.0
15.65 0.0
15.7 0.0
15.75 0.0
15.8 0.0
15.85 0.0
15.9 1.2963611143520139e-05
15.95 1.2963611143520139e-05
16.0 1.2963611143520139e-05
16.05 0.0
16.1 0.0
16.15 0.0
16.2 0.0
16.25 2.5927222287040277e-05
16.3 0.0
16.35 0.0
16.4 1.2963611143520139e-05
16.45 2.5927222287040277e-05
16.5 7.778166686112083e-05
16.55 7.778166686112083e-05
16.6 9.074527800464097e-05
16.65 0.0001296361114352014
16.7 0.0001944541671528021
16.75 0.0001685269448657618
16.8 0.00020741777829632222
16.85 0.0003111266674444833
16.9 0.0003370538897315236
16.95 0.0003370538897315236
17.0 0.00045372639002320487
17.05 0.00044076277887968474
17.1 0.0003240902785880035
17.15 0.0004926172234537652
17.2 0.0005833625014584063
17.25 0.0005574352791713659
17.3 0.0005185444457408056
17.35 0.0005703988903148861
17.4 0.0005963261126019264
17.45 0.0005315080568843257
17.5 0.0006611441683195271
17.55 0.0006741077794630472
17.6 0.0005833625014584063
17.65 0.0006092897237454465
17.7 0.0005963261126019264
17.75 0.0004796536123102451
17.8 0.00037594472316208405
17.85 0.00044076277887968474
17.9 0.0005444716680278459
17.95 0.0003240902785880035
18.0 0.0
18.05 0.0
18.1 0.0
18.15 0.0
18.2 0.0
18.25 0.0
18.3 0.0
18.35 0.0
18.4 0.0
18.45 0.0
18.5 0.0
18.55 0.0
18.6 0.0
18.65 0.0
18.7 0.0
18.75 0.0
18.8 0.0
18.85 0.0
18.9 0.0
18.95 0.0
19.0
***
18.0
90.33333333333333
14.0 0.0
14.05 0.0
14.1 0.0
14.15 0.0
14.2 0.0
14.25 0.0
14.3 0.0
14.35 0.0
14.4 0.0
14.45 0.0
14.5 0.0
14.55 0.0
14.6 0.0
14.65 0.0
14.7 0.0
14.75 0.0
14.8 0.0
14.85 0.0
14.9 0.0
14.95 0.0
15.0 0.0
15.05 0.0
15.1 0.0
15.15 0.0
15.2 0.0
15.25 0.0
15.3 0.0
15.35 0.0
15.4 0.0
15.45 0.0
15.5 0.0
15.55 0.0
15.6 0.0
15.65 0.0
15.7 0.0
15.75 0.0
15.8 0.0
15.85 0.0
15.9 0.0
15.95 0.0
16.0 0.0
16.05 0.0
16.1 0.0
16.15 0.0
16.2 1.3826477704804702e-05
16.25 0.0
16.3 1.3826477704804702e-05
16.35 0.0
16.4 5.530591081921881e-05
16.45 2.7652955409609403e-05
16.5 4.1479433114414105e-05
16.55 0.0001935706878672658
16.6 6.91323885240235e-05
16.65 0.00012443829934324232
16.7 0.00022122364327687523
16.75 0.0001520912547528517
16.8 0.00020739716557207052
16.85 0.0003180089872105081
16.9 0.0003871413757345316
16.95 0.0004009678534393363
17.0 0.00041479433114414104
17.05 0.0003871413757345316
17.1 0.0005115796750777739
17.15 0.0003871413757345316
17.2 0.0005392326304873834
17.25 0.0006360179744210162
17.3 0.0008019357068786726
17.35 0.0008572416176978914
17.4 0.0006636709298306257
17.45 0.0007189768406498444
17.5 0.0009678534393363291
17.55 0.0007466297960594539
17.6 0.0006774974075354303
17.65 0.0006774974075354303
17.7 0.0008572416176978914
17.75 0.0007189768406498444
17.8 0.0006083650190114068
17.85 0.0006083650190114068
17.9 0.000553059108192188
17.95 0.00041479433114414104
18.0 0.0
18.05 0.0
18.1 0.0
18.15 0.0
18.2 0.0
18.25 0.0
18.3 0.0
18.35 0.0
18.4 0.0
18.45 0.0
18.5 0.0
18.55 0.0
18.6 0.0
18.65 0.0
18.7 0.0
18.75 0.0
18.8 0.0
18.85 0.0
18.9 0.0
18.95 0.0
19.0
***
18.333333333333332
91.0
14.0 0.0
14.05 0.0
14.1 0.0
14.15 0.0
14.2 0.0
14.25 0.0
14.3 0.0
14.35 0.0
14.4 0.0
14.45 0.0
14.5 0.0
14.55 0.0
14.6 0.0
14.65 0.0
14.7 0.0
14.75 0.0
14.8 0.0
14.85 0.0
14.9 0.0
14.95 0.0
15.0 0.0
15.05 0.0
15.1 0.0
15.15 0.0
15.2 0.0
15.25 0.0
15.3 0.0
15.35 0.0
15.4 0.0
15.45 0.0
15.5 0.0
15.55 0.0
15.6 0.0
15.65 0.0
15.7 0.0
15.75 0.0
15.8 0.0
15.85 0.0
15.9 0.0
15.95 0.0
16.0 0.0
16.05 0.0
16.1 0.0
16.15 0.0
16.2 5.130309870716191e-05
16.25 1.7101032902387305e-05
16.3 1.7101032902387305e-05
16.35 0.00011970723031671113
16.4 3.420206580477461e-05
16.45 0.00010260619741432382
16.5 8.550516451193652e-05
16.55 6.840413160954922e-05
16.6 0.00011970723031671113
16.65 0.00018811136192626034
16.7 0.0002907175593405842
16.75 0.00025651549353580957
16.8 0.0003420206580477461
16.85 0.0003078185922429715
16.9 0.00025651549353580957
16.95 0.0004275258225596826
17.0 0.0004446268554620699
17.05 0.0003078185922429715
17.1 0.0005301320199740064
17.15 0.0004959299541692318
17.2 0.000615637184485943
17.25 0.0005985361515835556
17.3 0.0005814351186811683
17.35 0.0005472330528763937
17.4 0.0005301320199740064
17.45 0.0007524454477050414
17.5 0.0005985361515835556
17.55 0.0007182433819002668
17.6 0.0004446268554620699
17.65 0.000564334085778781
17.7 0.0005985361515835556
17.75 0.0007524454477050414
17.8 0.0007182433819002668
17.85 0.0007695464806074287
17.9 0.0007011423489978795
17.95 0.00046172788836445724
18.0 0.00046172788836445724
18.05 0.0005472330528763937
18.1 0.0005301320199740064
18.15 0.0004446268554620699
18.2 0.0005130309870716191
18.25 0.0003420206580477461
18.3 0.00010260619741432382
18.35 0.0
18.4 0.0
18.45 0.0
18.5 0.0
18.55 0.0
18.6 0.0
18.65 0.0
18.7 0.0
18.75 0.0
18.8 0.0
18.85 0.0
18.9 0.0
18.95 0.0
19.0
***
18.333333333333332
90.66666666666667
14.0 0.0
14.05 0.0
14.1 0.0
14.15 0.0
14.2 0.0
14.25 0.0
14.3 0.0
14.35 0.0
14.4 0.0
14.45 0.0
14.5 0.0
14.55 0.0
14.6 0.0
14.65 0.0
14.7 0.0
14.75 0.0
14.8 0.0
14.85 0.0
14.9 0.0
14.95 0.0
15.0 0.0
15.05 0.0
15.1 0.0
15.15 0.0
15.2 0.0
15.25 0.0
15.3 0.0
15.35 0.0
15.4 0.0
15.45 0.0
15.5 0.0
15.55 0.0
15.6 0.0
15.65 0.0
15.7 0.0
15.75 0.0
15.8 0.0
15.85 0.0
15.9 0.0
15.95 0.0
16.0 0.0
16.05 2.0169423154497783e-05
16.1 0.0
16.15 0.0
16.2 0.0
16.25 6.0508269463493345e-05
16.3 2.0169423154497783e-05
16.35 0.0
16.4 8.067769261799113e-05
16.45 4.0338846308995566e-05
16.5 6.0508269463493345e-05
16.55 6.0508269463493345e-05
16.6 0.0001008471157724889
16.65 0.0002016942315449778
16.7 0.00014118596208148446
16.75 0.0002016942315449778
16.8 0.00024203307785397338
16.85 0.00038321903993545785
16.9 0.00028237192416296893
16.95 0.0004033884630899556
17.0 0.0005042355788624445
17.05 0.0005244050020169423
17.1 0.0007260992335619201
17.15 0.0007260992335619201
17.2 0.0008067769261799112
17.25 0.0007260992335619201
17.3 0.0006857603872529246
17.35 0.000645421540943929
17.4 0.0006655909640984268
17.45 0.0009479628882613958
17.5 0.0008067769261799112
17.55 0.0009681323114158935
17.6 0.0006857603872529246
17.65 0.0007462686567164179
17.7 0.0007059298104074224
17.75 0.0007664380798709157
17.8 0.0008471157724889068
17.85 0.000826946349334409
17.9 0.0007059298104074224
17.95 0.0005647438483259379
18.0 0.001008471157724889
18.05 0.0004033884630899556
18.1 0.0005647438483259379
18.15 0.0005445744251714401
18.2 0.0005849132714804356
18.25 0.0003227107704719645
18.3 0.00018152480839048004
18.35 0.0
18.4 0.0
18.45 0.0
18.5 0.0
18.55 0.0
18.6 0.0
18.65 0.0
18.7 0.0
18.75 0.0
18.8 0.0
18.85 0.0
18.9 0.0
18.95 0.0
19.0
***
18.333333333333332
90.33333333333333
14.0 0.0
14.05 0.0
14.1 0.0
14.15 0.0
14.2 0.0
14.25 0.0
14.3 0.0
14.35 0.0
14.4 0.0
14.45 0.0
14.5 0.0
14.55 0.0
14.6 0.0
14.65 0.0
14.7 0.0
14.75 0.0
14.8 0.0
14.85 0.0
14.9 0.0
14.95 0.0
15.0 0.0
15.05 0.0
15.1 0.0
15.15 0.0
15.2 0.0
15.25 0.0
15.3 0.0
15.35 0.0
15.4 0.0
15.45 0.0
15.5 0.0
15.55 0.0
15.6 0.0
15.65 0.0
15.7 0.0
15.75 0.0
15.8 0.0
15.85 0.0
15.9 0.0
15.95 0.0
16.0 2.286027798098025e-05
16.05 0.0
16.1 0.0
16.15 0.0
16.2 0.0
16.25 0.0
16.3 2.286027798098025e-05
16.35 4.57205559619605e-05
16.4 0.0
16.45 9.1441111923921e-05
16.5 0.00011430138990490124
16.55 4.57205559619605e-05
16.6 0.00016002194586686174
16.65 0.00016002194586686174
16.7 0.00045720555961960497
16.75 0.00025146305779078274
16.8 0.0003886247256766642
16.85 0.0003429041697147037
16.9 0.0005257863935625457
16.95 0.0007086686174103878
17.0 0.0005715069495245062
17.05 0.0005486466715435259
17.1 0.0007086686174103878
17.15 0.0006172275054864667
17.2 0.0005943672275054865
17.25 0.000640087783467447
17.3 0.0008915508412582297
17.35 0.0008229700073152889
17.4 0.0008001097293343087
17.45 0.0008915508412582297
17.5 0.0010515727871250914
17.55 0.0012573152889539137
17.6 0.0010744330651060716
17.65 0.0010515727871250914
17.7 0.000731528895391368
17.75 0.0008458302852962692
17.8 0.0007543891733723482
17.85 0.0005715069495245062
17.9 0.0009372713972201902
17.95 0.000731528895391368
18.0 0.0009829919531821507
18.05 0.0010744330651060716
18.1 0.0007086686174103878
18.15 0.0007772494513533284
18.2 0.0007543891733723482
18.25 0.000640087783467447
18.3 0.0003200438917337235
18.35 0.0
18.4 0.0
18.45 0.0
18.5 0.0
18.55 0.0
18.6 0.0
18.65 0.0
18.7 0.0
18.75 0.0
18.8 0.0
18.85 0.0
18.9 0.0
18.95 0.0
19.0
***
18.666666666666668
91.0
14.0 0.0
14.05 0.0
14.1 0.0
14.15 0.0
14.2 0.0
14.25 0.0
14.3 0.0
14.35 0.0
14.4 0.0
14.45 0.0
14.5 0.0
14.55 0.0
14.6 0.0
14.65 0.0
14.7 0.0
14.75 0.0
14.8 0.0
14.85 0.0
14.9 0.0
14.95 0.0
15.0 0.0
15.05 0.0
15.1 0.0
15.15 0.0
15.2 0.0
15.25 0.0
15.3 0.0
15.35 0.0
15.4 0.0
15.45 0.0
15.5 0.0
15.55 0.0
15.6 0.0
15.65 0.0
15.7 2.437003460544914e-05
15.75 0.0
15.8 0.0
15.85 0.0
15.9 0.0
15.95 0.0
16.0 0.0
16.05 0.0
16.1 0.0
16.15 0.0
16.2 0.0
16.25 4.874006921089828e-05
16.3 4.874006921089828e-05
16.35 7.311010381634741e-05
16.4 2.437003460544914e-05
16.45 0.0001218501730272457
16.5 7.311010381634741e-05
16.55 9.748013842179656e-05
16.6 0.00019496027684359312
16.65 0.00014622020763269483
16.7 0.00021933031144904226
16.75 0.00019496027684359312
16.8 0.00019496027684359312
16.85 0.0003655505190817371
16.9 0.0004630306575035337
16.95 0.0003655505190817371
17.0 0.0008285811765852707
17.05 0.000682360968952576
17.1 0.0003655505190817371
17.15 0.0007311010381634742
17.2 0.0007311010381634742
17.25 0.000682360968952576
17.3 0.0004630306575035337
17.35 0.0009260613150070674
17.4 0.0006336208997416776
17.45 0.000682360968952576
17.5 0.0007798411073743725
17.55 0.0007798411073743725
17.6 0.000682360968952576
17.65 0.0008042111419798217
17.7 0.0009016912804016182
17.75 0.000706731003558025
17.8 0.0007554710727689233
17.85 0.0007554710727689233
17.9 0.0005848808305307793
17.95 0.000877321245796169
18.0 0.0005117707267144319
18.05 0.0005848808305307793
18.1 0.0009260613150070674
18.15 0.0005605107959253303
18.2 0.0006336208997416776
18.25 0.0007311010381634742
18.3 0.0004630306575035337
18.35 0.0005117707267144319
18.4 0.0005361407613198811
18.45 0.0005848808305307793
18.5 0.0005117707267144319
18.55 0.0005361407613198811
18.6 0.0004386606228980845
18.65 7.311010381634741e-05
18.7 0.0
18.75 0.0
18.8 0.0
18.85 0.0
18.9 0.0
18.95 0.0
19.0
***
18.666666666666668
90.66666666666667
14.0 0.0
14.05 0.0
14.1 0.0
14.15 0.0
14.2 0.0
14.25 0.0
14.3 0.0
14.35 0.0
14.4 0.0
14.45 0.0
14.5 0.0
14.55 0.0
14.6 0.0
14.65 0.0
14.7 0.0
14.75 0.0
14.8 0.0
14.85 0.0
14.9 0.0
14.95 0.0
15.0 0.0
15.05 0.0
15.1 0.0
15.15 0.0
15.2 0.0
15.25 0.0
15.3 0.0
15.35 0.0
15.4 0.0
15.45 0.0
15.5 0.0
15.55 0.0
15.6 0.0
15.65 2.9120559114735002e-05
15.7 0.0
15.75 0.0
15.8 0.0
15.85 0.0
15.9 0.0
15.95 0.0
16.0 0.0
16.05 0.0
16.1 0.0
16.15 0.0
16.2 2.9120559114735002e-05
16.25 0.0
16.3 0.0
16.35 2.9120559114735002e-05
16.4 8.736167734420501e-05
16.45 8.736167734420501e-05
16.5 5.8241118229470004e-05
16.55 5.8241118229470004e-05
16.6 0.00014560279557367502
16.65 0.00011648223645894001
16.7 0.000262085032032615
16.75 0.00020384391380314502
16.8 0.00040768782760629003
16.85 0.000320326150262085
16.9 0.00064065230052417
16.95 0.000844496214327315
17.0 0.00046592894583576003
17.05 0.000728013977868375
17.1 0.000844496214327315
17.15 0.0008153756552125801
17.2 0.0007571345369831101
17.25 0.0009027373325567851
17.3 0.0008736167734420501
17.35 0.001193942923704135
17.4 0.00064065230052417
17.45 0.0009900990099009901
17.5 0.000844496214327315
17.55 0.0010192195690157252
17.6 0.0009318578916715201
17.65 0.0009027373325567851
17.7 0.0011648223645894002
17.75 0.0008153756552125801
17.8 0.0009609784507862551
17.85 0.0008153756552125801
17.9 0.0009318578916715201
17.95 0.0008153756552125801
18.0 0.001135701805474665
18.05 0.0010192195690157252
18.1 0.00064065230052417
18.15 0.0009318578916715201
18.2 0.000728013977868375
18.25 0.00064065230052417
18.3 0.0006988934187536401
18.35 0.0007571345369831101
18.4 0.00064065230052417
18.45 0.00046592894583576003
18.5 0.00052417006406523
18.55 0.0004950495049504951
18.6 0.00043680838672102506
18.65 2.9120559114735002e-05
18.7 0.0
18.75 0.0
18.8 0.0
18.85 0.0
18.9 0.0
18.95 0.0
19.0
***
18.666666666666668
90.33333333333333
14.0 0.0
14.05 0.0
14.1 0.0
14.15 0.0
14.2 0.0
14.25 0.0
14.3 0.0
14.35 0.0
14.4 0.0
14.45 0.0
14.5 0.0
14.55 0.0
14.6 0.0
14.65 0.0
14.7 0.0
14.75 0.0
14.8 0.0
14.85 0.0
14.9 0.0
14.95 0.0
15.0 0.0
15.05 0.0
15.1 0.0
15.15 0.0
15.2 0.0
15.25 0.0
15.3 0.0
15.35 0.0
15.4 0.0
15.45 0.0
15.5 0.0
15.55 0.0
15.6 0.0
15.65 0.0
15.7 0.0
15.75 0.0
15.8 0.0
15.85 3.425478710649813e-05
15.9 0.0
15.95 0.0
16.0 0.0
16.05 3.425478710649813e-05
16.1 0.0
16.15 3.425478710649813e-05
16.2 6.850957421299626e-05
16.25 0.0
16.3 3.425478710649813e-05
16.35 3.425478710649813e-05
16.4 0.0
16.45 6.850957421299626e-05
16.5 0.00023978350974548693
16.55 0.0001027643613194944
16.6 0.0002055287226389888
16.65 0.0003082930839584832
16.7 0.00034254787106498133
16.75 0.0003082930839584832
16.8 0.0005823313808104683
16.85 0.0006508409550234646
16.9 0.0004110574452779776
16.95 0.000513821806597472
17.0 0.0008221148905559552
17.05 0.0006850957421299627
17.1 0.0008221148905559552
17.15 0.0006850957421299627
17.2 0.001061898400301442
17.25 0.0013701914842599253
17.3 0.0010961531874079402
17.35 0.0008906244647689514
17.4 0.001061898400301442
17.45 0.001061898400301442
17.5 0.0011989175487274347
17.55 0.0011304079745144385
17.6 0.0010961531874079402
17.65 0.0010961531874079402
17.7 0.0013359366971534272
17.75 0.0009591340389819477
17.8 0.0011989175487274347
17.85 0.0014729558455794198
17.9 0.001061898400301442
17.95 0.0011304079745144385
18.0 0.001027643613194944
18.05 0.0012331723358339328
18.1 0.001061898400301442
18.15 0.0010961531874079402
18.2 0.0009248792518754496
18.25 0.0008906244647689514
18.3 0.0006850957421299627
18.35 0.001027643613194944
18.4 0.000753605316342959
18.45 0.0010961531874079402
18.5 0.00047956701949097386
18.55 0.0011304079745144385
18.6 0.0007193505292364608
18.65 0.00013701914842599252
18.7 0.0
18.75 0.0
18.8 0.0
18.85 0.0
18.9 0.0
18.95 0.0
19.0
***
19.0
91.0
14.0 0.0
14.05 0.0
14.1 0.0
14.15 0.0
14.2 0.0
14.25 0.0
14.3 0.0
14.35 0.0
14.4 0.0
14.45 0.0
14.5 0.0
14.55 0.0
14.6 0.0
14.65 0.0
14.7 0.0
14.75 0.0
14.8 0.0
14.85 0.0
14.9 0.0
14.95 0.0
15.0 0.0
15.05 0.0
15.1 0.0
15.15 0.0
15.2 0.0
15.25 0.0
15.3 0.0
15.35 0.0
15.4 0.0
15.45 0.0
15.5 0.0
15.55 0.0
15.6 0.0
15.65 0.0
15.7 0.0
15.75 0.0
15.8 0.0
15.85 0.0
15.9 0.0
15.95 0.0
16.0 0.0
16.05 0.0
16.1 0.0
16.15 3.180560414745078e-05
16.2 0.0
16.25 6.361120829490156e-05
16.3 6.361120829490156e-05
16.35 3.180560414745078e-05
16.4 9.541681244235235e-05
16.45 6.361120829490156e-05
16.5 6.361120829490156e-05
16.55 9.541681244235235e-05
16.6 0.0001590280207372539
16.65 6.361120829490156e-05
16.7 0.00022263922903215547
16.75 0.00022263922903215547
16.8 0.00025444483317960625
16.85 0.0003498616456219586
16.9 0.0003498616456219586
16.95 0.0004770840622117617
17.0 0.0007633344995388188
17.05 0.0006361120829490156
17.1 0.0006361120829490156
17.15 0.000731528895391368
17.2 0.0006997232912439172
17.25 0.0006997232912439172
17.3 0.0006679176870964664
17.35 0.0008269457078337203
17.4 0.000731528895391368
17.45 0.0009223625202760727
17.5 0.0008905569161286219
17.55 0.0005725008746541141
17.6 0.0009859737285709742
17.65 0.0006997232912439172
17.7 0.0008587513119811711
17.75 0.0006361120829490156
17.8 0.0011450017493082282
17.85 0.0009859737285709742
17.9 0.0010495849368658758
17.95 0.0006997232912439172
18.0 0.0010495849368658758
18.05 0.0007633344995388188
18.1 0.0007633344995388188
18.15 0.0007633344995388188
18.2 0.0007951401036862695
18.25 0.0006997232912439172
18.3 0.0006679176870964664
18.35 0.0005725008746541141
18.4 0.0007633344995388188
18.45 0.0006679176870964664
18.5 0.0005406952705066633
18.55 0.0005406952705066633
18.6 0.00041347285391686014
18.65 0.0007633344995388188
18.7 0.00044527845806431094
18.75 0.0004770840622117617
18.8 0.0004770840622117617
18.85 0.0004770840622117617
18.9 0.0005088896663592125
18.95 0.00025444483317960625
19.0
***
19.0
90.66666666666667
14.0 0.0
14.05 0.0
14.1 0.0
14.15 0.0
14.2 0.0
14.25 0.0
14.3 0.0
14.35 0.0
14.4 0.0
14.45 0.0
14.5 0.0
14.55 0.0
14.6 0.0
14.65 0.0
14.7 0.0
14.75 0.0
14.8 0.0
14.85 0.0
14.9 0.0
14.95 0.0
15.0 0.0
15.05 0.0
15.1 0.0
15.15 0.0
15.2 0.0
15.25 0.0
15.3 0.0
15.35 0.0
15.4 0.0
15.45 3.8853057735643796e-05
15.5 0.0
15.55 0.0
15.6 0.0
15.65 0.0
15.7 0.0
15.75 0.0
15.8 0.0
15.85 0.0
15.9 0.0
15.95 0.0
16.0 3.8853057735643796e-05
16.05 0.0
16.1 0.0
16.15 3.8853057735643796e-05
16.2 0.0
16.25 3.8853057735643796e-05
16.3 0.0
16.35 3.8853057735643796e-05
16.4 0.00011655917320693139
16.45 0.0
16.5 0.00011655917320693139
16.55 0.00019426528867821897
16.6 0.00023311834641386278
16.65 0.00023311834641386278
16.7 0.00034967751962079415
16.75 0.00034967751962079415
16.8 0.0005050897505633693
16.85 0.00031082446188515037
16.9 0.00046623669282772556
16.95 0.0006993550392415883
17.0 0.0006216489237703007
17.05 0.0006993550392415883
17.1 0.000582795866034657
17.15 0.0008159142124485197
17.2 0.0008936203279198073
17.25 0.0008159142124485197
17.3 0.00112673867433367
17.35 0.0010101795011267386
17.4 0.0008936203279198073
17.45 0.0008159142124485197
17.5 0.0015929753671613956
17.55 0.00112673867433367
17.6 0.0007382080969772321
17.65 0.0013987100784831766
17.7 0.001359857020747533
17.75 0.0010490325588623825
17.8 0.0012821509052762452
17.85 0.0006993550392415883
17.9 0.0012432978475406015
17.95 0.0008547672701841635
18.0 0.0012432978475406015
18.05 0.0012821509052762452
18.1 0.0010490325588623825
18.15 0.0010490325588623825
18.2 0.0010101795011267386
18.25 0.0009713264433910949
18.3 0.0008936203279198073
18.35 0.0008159142124485197
18.4 0.0006216489237703007
18.45 0.0008936203279198073
18.5 0.0007770611547128759
18.55 0.0008159142124485197
18.6 0.0007382080969772321
18.65 0.0008159142124485197
18.7 0.0005050897505633693
18.75 0.0006605019815059445
18.8 0.0005050897505633693
18.85 0.0005050897505633693
18.9 0.0008159142124485197
18.95 0.000582795866034657
19.0
***
19.0
90.33333333333333
14.0 0.0
14.05 0.0
14.1 0.0
14.15 0.0
14.2 0.0
14.25 0.0
14.3 0.0
14.35 0.0
14.4 0.0
14.45 0.0
14.5 0.0
14.55 0.0
14.6 0.0
14.65 0.0
14.7 0.0
14.75 0.0
14.8 0.0
14.85 0.0
14.9 0.0
14.95 0.0
15.0 0.0
15.05 0.0
15.1 0.0
15.15 0.0
15.2 0.0
15.25 0.0
15.3 0.0
15.35 0.0
15.4 0.0
15.45 0.0
15.5 0.0
15.55 0.0
15.6 0.0
15.65 0.0
15.7 0.0
15.75 0.0
15.8 0.0
15.85 0.0
15.9 0.0
15.95 0.0
16.0 0.0
16.05 0.0
16.1 4.942909396470763e-05
16.15 4.942909396470763e-05
16.2 0.0
16.25 0.0
16.3 4.942909396470763e-05
16.35 0.00014828728189412288
16.4 4.942909396470763e-05
16.45 0.00014828728189412288
16.5 9.885818792941526e-05
16.55 0.000395432751717661
16.6 9.885818792941526e-05
16.65 0.0001977163758588305
16.7 0.00044486184568236865
16.75 0.0005437200336117839
16.8 0.0003460036577529534
16.85 0.00024714546982353814
16.9 0.0006425782215411991
16.95 0.0009391527853294449
17.0 0.0004942909396470763
17.05 0.0008897236913647373
17.1 0.0012357273491176908
17.15 0.0009885818792941526
17.2 0.001186298255152983
17.25 0.0010380109732588602
17.3 0.0012357273491176908
17.35 0.0012851564430823982
17.4 0.001581731006870644
17.45 0.0014828728189412287
17.5 0.0012851564430823982
17.55 0.001581731006870644
17.6 0.0017794473827294746
17.65 0.0010380109732588602
17.7 0.0010380109732588602
17.75 0.0018783055706588898
17.8 0.001730018288764767
17.85 0.001581731006870644
17.9 0.001186298255152983
17.95 0.0012357273491176908
18.0 0.0016311601008353518
18.05 0.0011368691611882754
18.1 0.0013840146310118136
18.15 0.001581731006870644
18.2 0.001334585537047106
18.25 0.001186298255152983
18.3 0.0012851564430823982
18.35 0.001581731006870644
18.4 0.0012851564430823982
18.45 0.0010874400672235677
18.5 0.0010874400672235677
18.55 0.0014334437249765213
18.6 0.0013840146310118136
18.65 0.0009391527853294449
18.7 0.0010874400672235677
18.75 0.00044486184568236865
18.8 0.0008402945974000296
18.85 0.0005931491275764915
18.9 0.000790865503435322
18.95 0.0006425782215411991
19.0
