***
16.0
91.0
14.0 0.0
14.06 0.0
14.12 0.0
14.18 0.0
14.24 0.0
14.3 0.0
14.36 0.0
14.42 0.0
14.48 0.0
14.54 0.0
14.6 0.0
14.66 0.0
14.72 0.0
14.78 0.0
14.84 1.0658670674042609e-07
14.9 2.1317341348085218e-07
14.96 2.1317341348085218e-07
15.02 0.0
15.08 1.0658670674042609e-07
15.14 1.0658670674042609e-07
15.2 3.1976012022127826e-07
15.26 1.0658670674042609e-07
15.32 6.395202404425565e-07
15.379999999999999 4.2634682696170435e-07
15.44 9.592803606638347e-07
15.5 1.5988006011063914e-06
15.56 1.065867067404261e-06
15.62 1.5988006011063914e-06
15.68 1.9185607213276695e-06
15.74 4.476641683097896e-06
15.8 7.461069471829826e-06
15.86 1.886584709305542e-05
15.92 4.8390364860153445e-05
15.98 1.8013153439132007e-05
16.04 0.0
16.1 0.0
16.16 0.0
16.22 0.0
16.28 0.0
16.34 0.0
16.4 0.0
16.46 0.0
16.52 0.0
16.58 0.0
16.64 0.0
16.7 0.0
16.759999999999998 0.0
16.82 0.0
16.88 0.0
16.94 0.0
17.0 0.0
17.06 0.0
17.12 0.0
17.18 0.0
17.24 0.0
17.3 0.0
17.36 0.0
17.42 0.0
17.48 0.0
17.54 0.0
17.6 0.0
17.66 0.0
17.72 0.0
17.78 0.0
17.84 0.0
17.9 0.0
17.96 0.0
18.02 0.0
18.08 0.0
18.14 0.0
18.2 0.0
18.259999999999998 0.0
18.32 0.0
18.38 0.0
18.439999999999998 0.0
18.5 0.0
18.56 0.0
18.62 0.0
18.68 0.0
18.740000000000002 0.0
18.8 0.0
18.86 0.0
18.92 0.0
18.98 0.0
19.04 0.0
19.1 0.0
19.16 0.0
19.22 0.0
19.28 0.0
19.34 0.0
19.4 0.0
19.46 0.0
19.52 0.0
19.58 0.0
19.64 0.0
19.7 0.0
19.759999999999998 0.0
19.82 0.0
19.88 0.0
19.939999999999998 0.0
19.999999999999996
***
16.0
90.66666666666667
14.0 0.0
14.06 0.0
14.12 0.0
14.18 0.0
14.24 0.0
14.3 0.0
14.36 0.0
14.42 0.0
14.48 1.0405335689656285e-07
14.54 0.0
14.6 0.0
14.66 0.0
14.72 0.0
14.78 1.0405335689656285e-07
14.84 0.0
14.9 1.0405335689656285e-07
14.96 1.0405335689656285e-07
15.02 1.0405335689656285e-07
15.08 1.0405335689656285e-07
15.14 1.0405335689656285e-07
15.2 4.162134275862514e-07
15.26 4.162134275862514e-07
15.32 2.081067137931257e-07
15.379999999999999 7.283734982759399e-07
15.44 1.1445869258621914e-06
15.5 7.283734982759399e-07
15.56 6.243201413793771e-07
15.62 2.4972805655175082e-06
15.68 3.433760777586574e-06
15.74 4.7864544172418906e-06
15.8 8.116161837931902e-06
15.86 1.7064750531036308e-05
15.92 4.286998304138389e-05
15.98 2.0290404594829754e-05
16.04 0.0
16.1 0.0
16.16 0.0
16.22 0.0
16.28 0.0
16.34 0.0
16.4 0.0
16.46 0.0
16.52 0.0
16.58 0.0
16.64 0.0
16.7 0.0
16.759999999999998 0.0
16.82 0.0
16.88 0.0
16.94 0.0
17.0 0.0
17.06 0.0
17.12 0.0
17.18 0.0
17.24 0.0
17.3 0.0
17.36 0.0
17.42 0.0
17.48 0.0
17.54 0.0
17.6 0.0
17.66 0.0
17.72 0.0
17.78 0.0
17.84 0.0
17.9 0.0
17.96 0.0
18.02 0.0
18.08 0.0
18.14 0.0
18.2 0.0
18.259999999999998 0.0
18.32 0.0
18.38 0.0
18.439999999999998 0.0
18.5 0.0
18.56 0.0
18.62 0.0
18.68 0.0
18.740000000000002 0.0
18.8 0.0
18.86 0.0
18.92 0.0
18.98 0.0
19.04 0.0
19.1 0.0
19.16 0.0
19.22 0.0
19.28 0.0
19.34 0.0
19.4 0.0
19.46 0.0
19.52 0.0
19.58 0.0
19.64 0.0
19.7 0.0
19.759999999999998 0.0
19.82 0.0
19.88 0.0
19.939999999999998 0.0
19.999999999999996
***
16.0
90.33333333333333
14.0 0.0
14.06 0.0
14.12 0.0
14.18 0.0
14.24 0.0
14.3 0.0
14.36 0.0
14.42 0.0
14.48 0.0
14.54 0.0
14.6 0.0
14.66 1.066288489682326e-07
14.72 0.0
14.78 0.0
14.84 1.066288489682326e-07
14.9 0.0
14.96 2.132576979364652e-07
15.02 0.0
15.08 2.132576979364652e-07
15.14 1.066288489682326e-07
15.2 2.132576979364652e-07
15.26 2.132576979364652e-07
15.32 5.33144244841163e-07
15.379999999999999 3.198865469046978e-07
15.44 5.33144244841163e-07
15.5 1.066288489682326e-06
15.56 1.066288489682326e-06
15.62 2.132576979364652e-06
15.68 3.198865469046978e-06
15.74 5.33144244841163e-06
15.8 6.930875182935119e-06
15.86 1.919319281428187e-05
15.92 4.8516126280545836e-05
15.98 1.6634100439044286e-05
16.04 0.0
16.1 0.0
16.16 0.0
16.22 0.0
16.28 0.0
16.34 0.0
16.4 0.0
16.46 0.0
16.52 0.0
16.58 0.0
16.64 0.0
16.7 0.0
16.759999999999998 0.0
16.82 0.0
16.88 0.0
16.94 0.0
17.0 0.0
17.06 0.0
17.12 0.0
17.18 0.0
17.24 0.0
17.3 0.0
17.36 0.0
17.42 0.0
17.48 0.0
17.54 0.0
17.6 0.0
17.66 0.0
17.72 0.0
17.78 0.0
17.84 0.0
17.9 0.0
17.96 0.0
18.02 0.0
18.08 0.0
18.14 0.0
18.2 0.0
18.259999999999998 0.0
18.32 0.0
18.38 0.0
18.439999999999998 0.0
18.5 0.0
18.56 0.0
18.62 0.0
18.68 0.0
18.740000000000002 0.0
18.8 0.0
18.86 0.0
18.92 0.0
18.98 0.0
19.04 0.0
19.1 0.0
19.16 0.0
19.22 0.0
19.28 0.0
19.34 0.0
19.4 0.0
19.46 0.0
19.52 0.0
19.58 0.0
19.64 0.0
19.7 0.0
19.759999999999998 0.0
19.82 0.0
19.88 0.0
19.939999999999998 0.0
19.999999999999996
***
16.333333333333332
91.0
14.0 0.0
14.06 0.0
14.12 0.0
14.18 0.0
14.24 0.0
14.3 0.0
14.36 0.0
14.42 0.0
14.48 0.0
14.54 0.0
14.6 0.0
14.66 0.0
14.72 0.0
14.78 0.0
14.84 0.0
14.9 0.0
14.96 0.0
15.02 0.0
15.08 0.0
15.14 2.839681251458886e-07
15.2 0.0
15.26 2.839681251458886e-07
15.32 0.0
15.379999999999999 2.839681251458886e-07
15.44 5.679362502917772e-07
15.5 5.679362502917772e-07
15.56 5.679362502917772e-07
15.62 5.679362502917772e-07
15.68 1.4198406257294432e-06
15.74 2.271745001167109e-06
15.8 2.5557131263129976e-06
15.86 2.8396812514588864e-06
15.92 6.531266878355439e-06
15.98 7.099203128647215e-06
16.04 1.5334278757877986e-05
16.1 2.5841099388275864e-05
16.16 4.2879186897029185e-05
16.22 8.377059691803714e-05
16.28 9.030186379639258e-05
16.34 0.0
16.4 0.0
16.46 0.0
16.52 0.0
16.58 0.0
16.64 0.0
16.7 0.0
16.759999999999998 0.0
16.82 0.0
16.88 0.0
16.94 0.0
17.0 0.0
17.06 0.0
17.12 0.0
17.18 0.0
17.24 0.0
17.3 0.0
17.36 0.0
17.42 0.0
17.48 0.0
17.54 0.0
17.6 0.0
17.66 0.0
17.72 0.0
17.78 0.0
17.84 0.0
17.9 0.0
17.96 0.0
18.02 0.0
18.08 0.0
18.14 0.0
18.2 0.0
18.259999999999998 0.0
18.32 0.0
18.38 0.0
18.439999999999998 0.0
18.5 0.0
18.56 0.0
18.62 0.0
18.68 0.0
18.740000000000002 0.0
18.8 0.0
18.86 0.0
18.92 0.0
18.98 0.0
19.04 0.0
19.1 0.0
19.16 0.0
19.22 0.0
19.28 0.0
19.34 0.0
19.4 0.0
19.46 0.0
19.52 0.0
19.58 0.0
19.64 0.0
19.7 0.0
19.759999999999998 0.0
19.82 0.0
19.88 0.0
19.939999999999998 0.0
19.999999999999996
***
16.333333333333332
90.66666666666667
14.0 0.0
14.06 0.0
14.12 0.0
14.18 0.0
14.24 0.0
14.3 0.0
14.36 0.0
14.42 0.0
14.48 0.0
14.54 0.0
14.6 0.0
14.66 0.0
14.72 0.0
14.78 0.0
14.84 0.0
14.9 0.0
14.96 0.0
15.02 0.0
15.08 0.0
15.14 5.942964184132048e-07
15.2 0.0
15.26 0.0
15.32 2.971482092066024e-07
15.379999999999999 0.0
15.44 2.971482092066024e-07
15.5 5.942964184132048e-07
15.56 0.0
15.62 1.1885928368264096e-06
15.68 2.971482092066024e-07
15.74 2.6743338828594215e-06
15.8 2.9714820920660238e-06
15.86 4.457223138099036e-06
15.92 8.023001648578264e-06
15.98 7.42870523016506e-06
16.04 1.6937447924776335e-05
16.1 1.990893001684236e-05
16.16 5.110949198353561e-05
16.22 8.349864678705528e-05
16.28 9.687031620135239e-05
16.34 0.0
16.4 0.0
16.46 0.0
16.52 0.0
16.58 0.0
16.64 0.0
16.7 0.0
16.759999999999998 0.0
16.82 0.0
16.88 0.0
16.94 0.0
17.0 0.0
17.06 0.0
17.12 0.0
17.18 0.0
17.24 0.0
17.3 0.0
17.36 0.0
17.42 0.0
17.48 0.0
17.54 0.0
17.6 0.0
17.66 0.0
17.72 0.0
17.78 0.0
17.84 0.0
17.9 0.0
17.96 0.0
18.02 0.0
18.08 0.0
18.14 0.0
18.2 0.0
18.259999999999998 0.0
18.32 0.0
18.38 0.0
18.439999999999998 0.0
18.5 0.0
18.56 0.0
18.62 0.0
18.68 0.0
18.740000000000002 0.0
18.8 0.0
18.86 0.0
18.92 0.0
18.98 0.0
19.04 0.0
19.1 0.0
19.16 0.0
19.22 0.0
19.28 0.0
19.34 0.0
19.4 0.0
19.46 0.0
19.52 0.0
19.58 0.0
19.64 0.0
19.7 0.0
19.759999999999998 0.0
19.82 0.0
19.88 0.0
19.939999999999998 0.0
19.999999999999996
***
16.333333333333332
90.33333333333333
14.0 0.0
14.06 0.0
14.12 0.0
14.18 0.0
14.24 0.0
14.3 0.0
14.36 0.0
14.42 0.0
14.48 0.0
14.54 0.0
14.6 0.0
14.66 0.0
14.72 0.0
14.78 0.0
14.84 0.0
14.9 3.0419398328636577e-07
14.96 0.0
15.02 0.0
15.08 0.0
15.14 0.0
15.2 0.0
15.26 0.0
15.32 3.0419398328636577e-07
15.379999999999999 3.0419398328636577e-07
15.44 3.0419398328636577e-07
15.5 0.0
15.56 9.125819498590974e-07
15.62 1.216775933145463e-06
15.68 1.216775933145463e-06
15.74 1.8251638997181947e-06
15.8 1.8251638997181947e-06
15.86 4.867103732581852e-06
15.92 4.867103732581852e-06
15.98 7.300655598872779e-06
16.04 1.2471953314740997e-05
16.1 2.4031324679622896e-05
16.16 4.349973960995031e-05
16.22 0.00010525111821708257
16.28 9.369174685220066e-05
16.34 0.0
16.4 0.0
16.46 0.0
16.52 0.0
16.58 0.0
16.64 0.0
16.7 0.0
16.759999999999998 0.0
16.82 0.0
16.88 0.0
16.94 0.0
17.0 0.0
17.06 0.0
17.12 0.0
17.18 0.0
17.24 0.0
17.3 0.0
17.36 0.0
17.42 0.0
17.48 0.0
17.54 0.0
17.6 0.0
17.66 0.0
17.72 0.0
17.78 0.0
17.84 0.0
17.9 0.0
17.96 0.0
18.02 0.0
18.08 0.0
18.14 0.0
18.2 0.0
18.259999999999998 0.0
18.32 0.0
18.38 0.0
18.439999999999998 0.0
18.5 0.0
18.56 0.0
18.62 0.0
18.68 0.0
18.740000000000002 0.0
18.8 0.0
18.86 0.0
18.92 0.0
18.98 0.0
19.04 0.0
19.1 0.0
19.16 0.0
19.22 0.0
19.28 0.0
19.34 0.0
19.4 0.0
19.46 0.0
19.52 0.0
19.58 0.0
19.64 0.0
19.7 0.0
19.759999999999998 0.0
19.82 0.0
19.88 0.0
19.939999999999998 0.0
19.999999999999996
***
16.666666666666668
91.0
14.0 0.0
14.06 0.0
14.12 0.0
14.18 0.0
14.24 0.0
14.3 0.0
14.36 0.0
14.42 0.0
14.48 0.0
14.54 0.0
14.6 0.0
14.66 0.0
14.72 0.0
14.78 0.0
14.84 0.0
14.9 0.0
14.96 0.0
15.02 7.283543997704227e-07
15.08 0.0
15.14 0.0
15.2 0.0
15.26 0.0
15.32 0.0
15.379999999999999 7.283543997704227e-07
15.44 0.0
15.5 0.0
15.56 7.283543997704227e-07
15.62 7.283543997704227e-07
15.68 0.0
15.74 7.283543997704227e-07
15.8 2.9134175990816907e-06
15.86 2.9134175990816907e-06
15.92 2.9134175990816907e-06
15.98 5.8268351981633815e-06
16.04 6.5551895979338045e-06
16.1 4.370126398622536e-06
16.16 6.5551895979338045e-06
16.22 1.8208859994260567e-05
16.28 2.3307340792653526e-05
16.34 4.078784638714367e-05
16.4 7.283543997704227e-05
16.46 0.0001252769567605127
16.52 0.00017189163834581975
16.58 0.00019374227033893245
16.64 4.661468158530705e-05
16.7 0.0
16.759999999999998 0.0
16.82 0.0
16.88 0.0
16.94 0.0
17.0 0.0
17.06 0.0
17.12 0.0
17.18 0.0
17.24 0.0
17.3 0.0
17.36 0.0
17.42 0.0
17.48 0.0
17.54 0.0
17.6 0.0
17.66 0.0
17.72 0.0
17.78 0.0
17.84 0.0
17.9 0.0
17.96 0.0
18.02 0.0
18.08 0.0
18.14 0.0
18.2 0.0
18.259999999999998 0.0
18.32 0.0
18.38 0.0
18.439999999999998 0.0
18.5 0.0
18.56 0.0
18.62 0.0
18.68 0.0
18.740000000000002 0.0
18.8 0.0
18.86 0.0
18.92 0.0
18.98 0.0
19.04 0.0
19.1 0.0
19.16 0.0
19.22 0.0
19.28 0.0
19.34 0.0
19.4 0.0
19.46 0.0
19.52 0.0
19.58 0.0
19.64 0.0
19.7 0.0
19.759999999999998 0.0
19.82 0.0
19.88 0.0
19.939999999999998 0.0
19.999999999999996
***
16.666666666666668
90.66666666666667
14.0 0.0
14.06 0.0
14.12 0.0
14.18 0.0
14.24 0.0
14.3 0.0
14.36 0.0
14.42 0.0
14.48 0.0
14.54 0.0
14.6 0.0
14.66 0.0
14.72 0.0
14.78 0.0
14.84 0.0
14.9 0.0
14.96 0.0
15.02 0.0
15.08 0.0
15.14 0.0
15.2 0.0
15.26 0.0
15.32 0.0
15.379999999999999 7.06422225738635e-07
15.44 0.0
15.5 0.0
15.56 0.0
15.62 1.41284445147727e-06
15.68 1.41284445147727e-06
15.74 0.0
15.8 2.1192666772159052e-06
15.86 5.65137780590908e-06
15.92 2.82568890295454e-06
15.98 3.5321111286931755e-06
16.04 4.2385333544318104e-06
16.1 3.5321111286931755e-06
16.16 9.183488934602256e-06
16.22 1.2715600063295432e-05
16.28 2.1899088997897686e-05
16.34 4.662386689874991e-05
16.4 8.05321337342044e-05
16.46 0.00012433031172999978
16.52 0.0001575321563397156
16.58 0.00017872482311187467
16.64 4.944955580170446e-05
16.7 0.0
16.759999999999998 0.0
16.82 0.0
16.88 0.0
16.94 0.0
17.0 0.0
17.06 0.0
17.12 0.0
17.18 0.0
17.24 0.0
17.3 0.0
17.36 0.0
17.42 0.0
17.48 0.0
17.54 0.0
17.6 0.0
17.66 0.0
17.72 0.0
17.78 0.0
17.84 0.0
17.9 0.0
17.96 0.0
18.02 0.0
18.08 0.0
18.14 0.0
18.2 0.0
18.259999999999998 0.0
18.32 0.0
18.38 0.0
18.439999999999998 0.0
18.5 0.0
18.56 0.0
18.62 0.0
18.68 0.0
18.740000000000002 0.0
18.8 0.0
18.86 0.0
18.92 0.0
18.98 0.0
19.04 0.0
19.1 0.0
19.16 0.0
19.22 0.0
19.28 0.0
19.34 0.0
19.4 0.0
19.46 0.0
19.52 0.0
19.58 0.0
19.64 0.0
19.7 0.0
19.759999999999998 0.0
19.82 0.0
19.88 0.0
19.939999999999998 0.0
19.999999999999996
***
16.666666666666668
90.33333333333333
14.0 0.0
14.06 0.0
14.12 0.0
14.18 0.0
14.24 0.0
14.3 0.0
14.36 0.0
14.42 0.0
14.48 0.0
14.54 0.0
14.6 0.0
14.66 0.0
14.72 0.0
14.78 0.0
14.84 0.0
14.9 0.0
14.96 0.0
15.02 0.0
15.08 0.0
15.14 0.0
15.2 0.0
15.26 0.0
15.32 7.811749339711887e-07
15.379999999999999 7.811749339711887e-07
15.44 0.0
15.5 0.0
15.56 0.0
15.62 0.0
15.68 0.0
15.74 7.811749339711887e-07
15.8 1.5623498679423773e-06
15.86 3.905874669855943e-06
15.92 3.1246997358847546e-06
15.98 2.3435248019135663e-06
16.04 8.592924273683075e-06
16.1 1.0155274141625453e-05
16.16 7.0305744057406984e-06
16.22 1.718584854736615e-05
16.28 2.8122297622962794e-05
16.34 5.2338720576069644e-05
16.4 8.202336806697482e-05
16.46 0.0001320185638411309
16.52 0.00017498318520954627
16.58 0.00020154313296456668
16.64 5.3901070444012024e-05
16.7 0.0
16.759999999999998 0.0
16.82 0.0
16.88 0.0
16.94 0.0
17.0 0.0
17.06 0.0
17.12 0.0
17.18 0.0
17.24 0.0
17.3 0.0
17.36 0.0
17.42 0.0
17.48 0.0
17.54 0.0
17.6 0.0
17.66 0.0
17.72 0.0
17.78 0.0
17.84 0.0
17.9 0.0
17.96 0.0
18.02 0.0
18.08 0.0
18.14 0.0
18.2 0.0
18.259999999999998 0.0
18.32 0.0
18.38 0.0
18.439999999999998 0.0
18.5 0.0
18.56 0.0
18.62 0.0
18.68 0.0
18.740000000000002 0.0
18.8 0.0
18.86 0.0
18.92 0.0
18.98 0.0
19.04 0.0
19.1 0.0
19.16 0.0
19.22 0.0
19.28 0.0
19.34 0.0
19.4 0.0
19.46 0.0
19.52 0.0
19.58 0.0
19.64 0.0
19.7 0.0
19.759999999999998 0.0
19.82 0.0
19.88 0.0
19.939999999999998 0.0
19.999999999999996
***
17.0
91.0
14.0 0.0
14.06 0.0
14.12 0.0
14.18 0.0
14.24 0.0
14.3 0.0
14.36 0.0
14.42 0.0
14.48 0.0
14.54 0.0
14.6 0.0
14.66 0.0
14.72 0.0
14.78 0.0
14.84 0.0
14.9 0.0
14.96 0.0
15.02 0.0
15.08 0.0
15.14 0.0
15.2 0.0
15.26 0.0
15.32 0.0
15.379999999999999 0.0
15.44 0.0
15.5 0.0
15.56 0.0
15.62 0.0
15.68 0.0
15.74 3.4588432244720077e-06
15.8 0.0
15.86 0.0
15.92 3.4588432244720077e-06
15.98 3.4588432244720077e-06
16.04 5.188264836708011e-06
16.1 3.4588432244720077e-06
16.16 5.188264836708011e-06
16.22 1.2105951285652027e-05
16.28 1.2105951285652027e-05
16.34 1.7294216122360037e-05
16.4 2.7670745795776062e-05
16.46 5.188264836708011e-05
16.52 6.744744287720414e-05
16.58 0.00011241240479534024
16.64 0.00017121273961136438
16.7 0.00020753059346832045
16.759999999999998 0.0002300130744273885
16.82 0.00025768382022316454
16.88 0.0003130253118147167
16.94 0.0002213659663662085
17.0 0.0
17.06 0.0
17.12 0.0
17.18 0.0
17.24 0.0
17.3 0.0
17.36 0.0
17.42 0.0
17.48 0.0
17.54 0.0
17.6 0.0
17.66 0.0
17.72 0.0
17.78 0.0
17.84 0.0
17.9 0.0
17.96 0.0
18.02 0.0
18.08 0.0
18.14 0.0
18.2 0.0
18.259999999999998 0.0
18.32 0.0
18.38 0.0
18.439999999999998 0.0
18.5 0.0
18.56 0.0
18.62 0.0
18.68 0.0
18.740000000000002 0.0
18.8 0.0
18.86 0.0
18.92 0.0
18.98 0.0
19.04 0.0
19.1 0.0
19.16 0.0
19.22 0.0
19.28 0.0
19.34 0.0
19.4 0.0
19.46 0.0
19.52 0.0
19.58 0.0
19.64 0.0
19.7 0.0
19.759999999999998 0.0
19.82 0.0
19.88 0.0
19.939999999999998 0.0
19.999999999999996
***
17.0
90.66666666666667
14.0 0.0
14.06 0.0
14.12 0.0
14.18 0.0
14.24 0.0
14.3 0.0
14.36 0.0
14.42 0.0
14.48 0.0
14.54 0.0
14.6 0.0
14.66 0.0
14.72 0.0
14.78 0.0
14.84 0.0
14.9 0.0
14.96 0.0
15.02 0.0
15.08 0.0
15.14 0.0
15.2 0.0
15.26 0.0
15.32 1.7934195848592344e-06
15.379999999999999 1.7934195848592344e-06
15.44 0.0
15.5 0.0
15.56 1.7934195848592344e-06
15.62 1.7934195848592344e-06
15.68 0.0
15.74 0.0
15.8 0.0
15.86 1.7934195848592344e-06
15.92 1.7934195848592344e-06
15.98 1.7934195848592344e-06
16.04 3.586839169718469e-06
16.1 3.586839169718469e-06
16.16 1.614077626373311e-05
16.22 5.380258754577704e-06
16.28 1.4347356678873875e-05
16.34 3.407497211232546e-05
16.4 3.945523086690316e-05
16.46 6.097626588521397e-05
16.52 7.353020297922861e-05
16.58 0.00012733279052500564
16.64 0.0001560275038827534
16.7 0.0002026564130890935
16.759999999999998 0.0002546655810500113
16.82 0.00028874055316233674
16.88 0.0003030879098412106
16.94 0.0001972761543345158
17.0 0.0
17.06 0.0
17.12 0.0
17.18 0.0
17.24 0.0
17.3 0.0
17.36 0.0
17.42 0.0
17.48 0.0
17.54 0.0
17.6 0.0
17.66 0.0
17.72 0.0
17.78 0.0
17.84 0.0
17.9 0.0
17.96 0.0
18.02 0.0
18.08 0.0
18.14 0.0
18.2 0.0
18.259999999999998 0.0
18.32 0.0
18.38 0.0
18.439999999999998 0.0
18.5 0.0
18.56 0.0
18.62 0.0
18.68 0.0
18.740000000000002 0.0
18.8 0.0
18.86 0.0
18.92 0.0
18.98 0.0
19.04 0.0
19.1 0.0
19.16 0.0
19.22 0.0
19.28 0.0
19.34 0.0
19.4 0.0
19.46 0.0
19.52 0.0
19.58 0.0
19.64 0.0
19.7 0.0
19.759999999999998 0.0
19.82 0.0
19.88 0.0
19.939999999999998 0.0
19.999999999999996
***
17.0
90.33333333333333
14.0 0.0
14.06 0.0
14.12 0.0
14.18 0.0
14.24 0.0
14.3 0.0
14.36 0.0
14.42 0.0
14.48 0.0
14.54 0.0
14.6 0.0
14.66 0.0
14.72 0.0
14.78 0.0
14.84 0.0
14.9 0.0
14.96 0.0
15.02 1.9041888345983494e-06
15.08 0.0
15.14 0.0
15.2 0.0
15.26 0.0
15.32 0.0
15.379999999999999 1.9041888345983494e-06
15.44 0.0
15.5 0.0
15.56 1.9041888345983494e-06
15.62 0.0
15.68 0.0
15.74 1.9041888345983494e-06
15.8 0.0
15.86 0.0
15.92 1.9041888345983494e-06
15.98 0.0
16.04 1.9041888345983494e-06
16.1 3.808377669196699e-06
16.16 1.9041888345983494e-06
16.22 3.808377669196699e-06
16.28 2.2850266015180193e-05
16.34 2.4754454849778543e-05
16.4 3.427539902277029e-05
16.46 6.093404270714718e-05
16.52 6.664660921094223e-05
16.58 0.00011805970774509766
16.64 0.00017137699511385145
16.7 0.0002113649606404168
16.759999999999998 0.0002494487373323838
16.82 0.0003275204795509161
16.88 0.00035989168973908804
16.94 0.00023611941549019533
17.0 0.0
17.06 0.0
17.12 0.0
17.18 0.0
17.24 0.0
17.3 0.0
17.36 0.0
17.42 0.0
17.48 0.0
17.54 0.0
17.6 0.0
17.66 0.0
17.72 0.0
17.78 0.0
17.84 0.0
17.9 0.0
17.96 0.0
18.02 0.0
18.08 0.0
18.14 0.0
18.2 0.0
18.259999999999998 0.0
18.32 0.0
18.38 0.0
18.439999999999998 0.0
18.5 0.0
18.56 0.0
18.62 0.0
18.68 0.0
18.740000000000002 0.0
18.8 0.0
18.86 0.0
18.92 0.0
18.98 0.0
19.04 0.0
19.1 0.0
19.16 0.0
19.22 0.0
19.28 0.0
19.34 0.0
19.4 0.0
19.46 0.0
19.52 0.0
19.58 0.0
19.64 0.0
19.7 0.0
19.759999999999998 0.0
19.82 0.0
19.88 0.0
19.939999999999998 0.0
19.999999999999996
***
17.333333333333332
91.0
14.0 0.0
14.06 0.0
14.12 0.0
14.18 0.0
14.24 0.0
14.3 0.0
14.36 0.0
14.42 0.0
14.48 0.0
14.54 0.0
14.6 0.0
14.66 0.0
14.72 0.0
14.78 0.0
14.84 0.0
14.9 0.0
14.96 0.0
15.02 0.0
15.08 0.0
15.14 0.0
15.2 0.0
15.26 0.0
15.32 0.0
15.379999999999999 0.0
15.44 0.0
15.5 0.0
15.56 0.0
15.62 0.0
15.68 0.0
15.74 3.739016638624042e-06
15.8 0.0
15.86 0.0
15.92 0.0
15.98 0.0
16.04 3.739016638624042e-06
16.1 3.739016638624042e-06
16.16 3.739016638624042e-06
16.22 7.478033277248084e-06
16.28 1.4956066554496168e-05
16.34 1.1217049915872125e-05
16.4 1.1217049915872125e-05
16.46 4.48681996634885e-05
16.52 8.9736399326977e-05
16.58 5.234623294073659e-05
16.64 9.721443260422509e-05
16.7 0.0002056459151243223
16.759999999999998 0.00020190689848569826
16.82 0.00023929706487193868
16.88 0.0002505141147878108
16.94 0.0003365114974761638
17.0 0.00038137969713965226
17.06 0.00036268461394653207
17.12 0.00046737707982800526
17.18 0.0004262478968031408
17.24 0.00041503084688726864
17.3 0.00010843148252009722
17.36 0.0
17.42 0.0
17.48 0.0
17.54 0.0
17.6 0.0
17.66 0.0
17.72 0.0
17.78 0.0
17.84 0.0
17.9 0.0
17.96 0.0
18.02 0.0
18.08 0.0
18.14 0.0
18.2 0.0
18.259999999999998 0.0
18.32 0.0
18.38 0.0
18.439999999999998 0.0
18.5 0.0
18.56 0.0
18.62 0.0
18.68 0.0
18.740000000000002 0.0
18.8 0.0
18.86 0.0
18.92 0.0
18.98 0.0
19.04 0.0
19.1 0.0
19.16 0.0
19.22 0.0
19.28 0.0
19.34 0.0
19.4 0.0
19.46 0.0
19.52 0.0
19.58 0.0
19.64 0.0
19.7 0.0
19.759999999999998 0.0
19.82 0.0
19.88 0.0
19.939999999999998 0.0
19.999999999999996
***
17.333333333333332
90.66666666666667
14.0 0.0
14.06 0.0
14.12 0.0
14.18 0.0
14.24 0.0
14.3 0.0
14.36 0.0
14.42 0.0
14.48 0.0
14.54 0.0
14.6 0.0
14.66 0.0
14.72 0.0
14.78 0.0
14.84 0.0
14.9 0.0
14.96 0.0
15.02 0.0
15.08 0.0
15.14 0.0
15.2 0.0
15.26 0.0
15.32 0.0
15.379999999999999 0.0
15.44 0.0
15.5 0.0
15.56 0.0
15.62 0.0
15.68 0.0
15.74 0.0
15.8 0.0
15.86 0.0
15.92 0.0
15.98 0.0
16.04 0.0
16.1 0.0
16.16 3.6483434696476066e-06
16.22 7.296686939295213e-06
16.28 7.296686939295213e-06
16.34 1.094503040894282e-05
16.4 1.4593373878590426e-05
16.46 3.283509122682846e-05
16.52 4.742846510541889e-05
16.58 6.931852592330453e-05
16.64 0.00012404367796801862
16.7 0.00013863705184660906
16.759999999999998 0.0001641754561341423
16.82 0.0002444390124663896
16.88 0.0002882191341021609
16.94 0.0003538893165558178
17.0 0.00036848269043440827
17.06 0.0004049661251308843
17.12 0.00042320784247912237
17.18 0.0004852296814631317
17.24 0.000342944286146875
17.3 0.0001130986475590758
17.36 0.0
17.42 0.0
17.48 0.0
17.54 0.0
17.6 0.0
17.66 0.0
17.72 0.0
17.78 0.0
17.84 0.0
17.9 0.0
17.96 0.0
18.02 0.0
18.08 0.0
18.14 0.0
18.2 0.0
18.259999999999998 0.0
18.32 0.0
18.38 0.0
18.439999999999998 0.0
18.5 0.0
18.56 0.0
18.62 0.0
18.68 0.0
18.740000000000002 0.0
18.8 0.0
18.86 0.0
18.92 0.0
18.98 0.0
19.04 0.0
19.1 0.0
19.16 0.0
19.22 0.0
19.28 0.0
19.34 0.0
19.4 0.0
19.46 0.0
19.52 0.0
19.58 0.0
19.64 0.0
19.7 0.0
19.759999999999998 0.0
19.82 0.0
19.88 0.0
19.939999999999998 0.0
19.999999999999996
***
17.333333333333332
90.33333333333333
14.0 0.0
14.06 0.0
14.12 0.0
14.18 0.0
14.24 0.0
14.3 0.0
14.36 0.0
14.42 0.0
14.48 0.0
14.54 0.0
14.6 0.0
14.66 0.0
14.72 0.0
14.78 0.0
14.84 0.0
14.9 0.0
14.96 0.0
15.02 0.0
15.08 0.0
15.14 0.0
15.2 0.0
15.26 0.0
15.32 0.0
15.379999999999999 0.0
15.44 0.0
15.5 0.0
15.56 0.0
15.62 0.0
15.68 0.0
15.74 0.0
15.8 0.0
15.86 0.0
15.92 4.123252256449797e-06
15.98 0.0
16.04 4.123252256449797e-06
16.1 8.246504512899594e-06
16.16 1.2369756769349392e-05
16.22 4.123252256449797e-06
16.28 8.246504512899594e-06
16.34 2.0616261282248987e-05
16.4 2.4739513538698783e-05
16.46 5.7725531590297166e-05
16.52 6.184878384674696e-05
16.58 0.00011132781092414453
16.64 0.00010720455866769473
16.7 0.0001690533425144417
16.759999999999998 0.00018966960379669068
16.82 0.00028450440569503604
16.88 0.0002762579011821364
16.94 0.00040820197338852995
17.0 0.00043294148692722874
17.06 0.0004741740094917267
17.12 0.00043294148692722874
17.18 0.0004989135230304255
17.24 0.0004164484779014295
17.3 0.00011545106318059433
17.36 0.0
17.42 0.0
17.48 0.0
17.54 0.0
17.6 0.0
17.66 0.0
17.72 0.0
17.78 0.0
17.84 0.0
17.9 0.0
17.96 0.0
18.02 0.0
18.08 0.0
18.14 0.0
18.2 0.0
18.259999999999998 0.0
18.32 0.0
18.38 0.0
18.439999999999998 0.0
18.5 0.0
18.56 0.0
18.62 0.0
18.68 0.0
18.740000000000002 0.0
18.8 0.0
18.86 0.0
18.92 0.0
18.98 0.0
19.04 0.0
19.1 0.0
19.16 0.0
19.22 0.0
19.28 0.0
19.34 0.0
19.4 0.0
19.46 0.0
19.52 0.0
19.58 0.0
19.64 0.0
19.7 0.0
19.759999999999998 0.0
19.82 0.0
19.88 0.0
19.939999999999998 0.0
19.999999999999996
***
17.666666666666668
91.0
14.0 0.0
14.06 0.0
14.12 0.0
14.18 0.0
14.24 0.0
14.3 0.0
14.36 0.0
14.42 0.0
14.48 0.0
14.54 0.0
14.6 0.0
14.66 0.0
14.72 0.0
14.78 0.0
14.84 0.0
14.9 0.0
14.96 0.0
15.02 0.0
15.08 0.0
15.14 0.0
15.2 0.0
15.26 0.0
15.32 0.0
15.379999999999999 0.0
15.44 0.0
15.5 0.0
15.56 6.760913805109899e-06
15.62 0.0
15.68 0.0
15.74 0.0
15.8 0.0
15.86 0.0
15.92 0.0
15.98 0.0
16.04 0.0
16.1 6.760913805109899e-06
16.16 0.0
16.22 0.0
16.28 6.760913805109899e-06
16.34 1.3521827610219798e-05
16.4 1.3521827610219798e-05
16.46 4.0565482830659394e-05
16.52 4.7326396635769293e-05
16.58 8.789187946642868e-05
16.64 0.00010141370707664848
16.7 0.00014874010371241777
16.759999999999998 0.0002569147245941761
16.82 0.00027719746600950585
16.88 0.0003110020350350553
16.94 0.00025015381078906623
17.0 0.00038537208689126424
17.06 0.0004124157421117038
17.12 0.0005003076215781325
17.18 0.0005003076215781325
17.24 0.0006220040700701106
17.3 0.0006287649838752205
17.36 0.0005881995010445612
17.42 0.0003718502592810444
17.48 0.0005205903629934622
17.54 0.00039213300069637413
17.6 0.00024339289698395634
17.66 2.7043655220439596e-05
17.72 0.0
17.78 0.0
17.84 0.0
17.9 0.0
17.96 0.0
18.02 0.0
18.08 0.0
18.14 0.0
18.2 0.0
18.259999999999998 0.0
18.32 0.0
18.38 0.0
18.439999999999998 0.0
18.5 0.0
18.56 0.0
18.62 0.0
18.68 0.0
18.740000000000002 0.0
18.8 0.0
18.86 0.0
18.92 0.0
18.98 0.0
19.04 0.0
19.1 0.0
19.16 0.0
19.22 0.0
19.28 0.0
19.34 0.0
19.4 0.0
19.46 0.0
19.52 0.0
19.58 0.0
19.64 0.0
19.7 0.0
19.759999999999998 0.0
19.82 0.0
19.88 0.0
19.939999999999998 0.0
19.999999999999996
***
17.666666666666668
90.66666666666667
14.0 0.0
14.06 0.0
14.12 0.0
14.18 0.0
14.24 0.0
14.3 0.0
14.36 0.0
14.42 0.0
14.48 0.0
14.54 0.0
14.6 0.0
14.66 0.0
14.72 0.0
14.78 0.0
14.84 0.0
14.9 0.0
14.96 0.0
15.02 0.0
15.08 0.0
15.14 0.0
15.2 0.0
15.26 0.0
15.32 0.0
15.379999999999999 0.0
15.44 0.0
15.5 0.0
15.56 0.0
15.62 0.0
15.68 0.0
15.74 0.0
15.8 0.0
15.86 0.0
15.92 0.0
15.98 0.0
16.04 7.160502667287243e-06
16.1 0.0
16.16 0.0
16.22 0.0
16.28 1.4321005334574486e-05
16.34 7.160502667287243e-06
16.4 1.4321005334574486e-05
16.46 2.8642010669148973e-05
16.52 3.580251333643622e-05
16.58 7.160502667287244e-05
16.64 0.00010740754000930866
16.7 0.00012172854534388314
16.759999999999998 0.00023629658802047903
16.82 0.00017185206401489384
16.88 0.00025061759335505353
16.94 0.0003723461386989367
17.0 0.00045111166803909634
17.06 0.0004153091547026601
17.12 0.0005513587053811177
17.18 0.0005227166947119688
17.24 0.0005298771973792561
17.3 0.0006014822240521285
17.36 0.000737531774730586
17.42 0.00045111166803909634
17.48 0.0005370377000465433
17.54 0.0006158032293867029
17.6 0.00029358060935877697
17.66 1.4321005334574486e-05
17.72 0.0
17.78 0.0
17.84 0.0
17.9 0.0
17.96 0.0
18.02 0.0
18.08 0.0
18.14 0.0
18.2 0.0
18.259999999999998 0.0
18.32 0.0
18.38 0.0
18.439999999999998 0.0
18.5 0.0
18.56 0.0
18.62 0.0
18.68 0.0
18.740000000000002 0.0
18.8 0.0
18.86 0.0
18.92 0.0
18.98 0.0
19.04 0.0
19.1 0.0
19.16 0.0
19.22 0.0
19.28 0.0
19.34 0.0
19.4 0.0
19.46 0.0
19.52 0.0
19.58 0.0
19.64 0.0
19.7 0.0
19.759999999999998 0.0
19.82 0.0
19.88 0.0
19.939999999999998 0.0
19.999999999999996
***
17.666666666666668
90.33333333333333
14.0 0.0
14.06 0.0
14.12 0.0
14.18 0.0
14.24 0.0
14.3 0.0
14.36 0.0
14.42 0.0
14.48 0.0
14.54 0.0
14.6 0.0
14.66 0.0
14.72 0.0
14.78 0.0
14.84 0.0
14.9 0.0
14.96 0.0
15.02 0.0
15.08 0.0
15.14 0.0
15.2 0.0
15.26 0.0
15.32 0.0
15.379999999999999 0.0
15.44 0.0
15.5 0.0
15.56 0.0
15.62 0.0
15.68 0.0
15.74 0.0
15.8 0.0
15.86 0.0
15.92 0.0
15.98 0.0
16.04 0.0
16.1 0.0
16.16 0.0
16.22 7.925060626713795e-06
16.28 0.0
16.34 0.0
16.4 3.170024250685518e-05
16.46 3.9625303133568974e-05
16.52 1.585012125342759e-05
16.58 4.7550363760282764e-05
16.64 7.132554564042415e-05
16.7 0.0001347260306541345
16.759999999999998 0.00020605157629455866
16.82 0.00019812651566784487
16.88 0.0002932272431884104
16.94 0.0004675785769761139
17.0 0.0004041780919624035
17.06 0.0006023046076302483
17.12 0.0005230540013631105
17.18 0.0004913537588562552
17.24 0.0007766559414179519
17.3 0.0006498549713905311
17.36 0.0006815552138973863
17.42 0.0007370306382843829
17.48 0.0006577800320172449
17.54 0.0005151289407363967
17.6 0.00036455278882883453
17.66 0.0
17.72 0.0
17.78 0.0
17.84 0.0
17.9 0.0
17.96 0.0
18.02 0.0
18.08 0.0
18.14 0.0
18.2 0.0
18.259999999999998 0.0
18.32 0.0
18.38 0.0
18.439999999999998 0.0
18.5 0.0
18.56 0.0
18.62 0.0
18.68 0.0
18.740000000000002 0.0
18.8 0.0
18.86 0.0
18.92 0.0
18.98 0.0
19.04 0.0
19.1 0.0
19.16 0.0
19.22 0.0
19.28 0.0
19.34 0.0
19.4 0.0
19.46 0.0
19.52 0.0
19.58 0.0
19.64 0.0
19.7 0.0
19.759999999999998 0.0
19.82 0.0
19.88 0.0
19.939999999999998 0.0
19.999999999999996
***
18.0
91.0
14.0 0.0
14.06 0.0
14.12 0.0
14.18 0.0
14.24 0.0
14.3 0.0
14.36 0.0
14.42 0.0
14.48 0.0
14.54 0.0
14.6 0.0
14.66 0.0
14.72 0.0
14.78 0.0
14.84 0.0
14.9 0.0
14.96 0.0
15.02 0.0
15.08 0.0
15.14 0.0
15.2 0.0
15.26 0.0
15.32 0.0
15.379999999999999 0.0
15.44 0.0
15.5 0.0
15.56 0.0
15.62 0.0
15.68 0.0
15.74 0.0
15.8 0.0
15.86 0.0
15.92 1.1467495384333109e-05
15.98 0.0
16.04 0.0
16.1 0.0
16.16 0.0
16.22 0.0
16.28 0.0
16.34 0.0
16.4 1.1467495384333109e-05
16.46 2.2934990768666217e-05
16.52 4.5869981537332434e-05
16.58 4.5869981537332434e-05
16.64 9.173996307466487e-05
16.7 0.0001490774399963304
16.759999999999998 0.00013760994461199728
16.82 0.00019494742153366282
16.88 0.00037842734768299256
16.94 0.0005160372922949899
17.0 0.00037842734768299256
17.06 0.0005045697969106568
17.12 0.0005733747692166554
17.18 0.0007224522092129857
17.24 0.0006077772553696547
17.3 0.0006077772553696547
17.36 0.000745387199981652
17.42 0.000745387199981652
17.48 0.0006651147322913202
17.54 0.0008371271630563168
17.6 0.000630712246138321
17.66 0.000642179741522654
17.72 0.0005963097599853216
17.78 0.0005963097599853216
17.84 0.0004931023015263236
17.9 0.0003325573661456601
17.96 0.00018347992614932974
18.02 0.0
18.08 0.0
18.14 0.0
18.2 0.0
18.259999999999998 0.0
18.32 0.0
18.38 0.0
18.439999999999998 0.0
18.5 0.0
18.56 0.0
18.62 0.0
18.68 0.0
18.740000000000002 0.0
18.8 0.0
18.86 0.0
18.92 0.0
18.98 0.0
19.04 0.0
19.1 0.0
19.16 0.0
19.22 0.0
19.28 0.0
19.34 0.0
19.4 0.0
19.46 0.0
19.52 0.0
19.58 0.0
19.64 0.0
19.7 0.0
19.759999999999998 0.0
19.82 0.0
19.88 0.0
19.939999999999998 0.0
19.999999999999996
***
18.0
90.66666666666667
14.0 0.0
14.06 0.0
14.12 0.0
14.18 0.0
14.24 0.0
14.3 0.0
14.36 0.0
14.42 0.0
14.48 0.0
14.54 0.0
14.6 0.0
14.66 0.0
14.72 0.0
14.78 0.0
14.84 0.0
14.9 0.0
14.96 0.0
15.02 0.0
15.08 0.0
15.14 0.0
15.2 0.0
15.26 0.0
15.32 0.0
15.379999999999999 0.0
15.44 0.0
15.5 0.0
15.56 0.0
15.62 0.0
15.68 0.0
15.74 0.0
15.8 0.0
15.86 0.0
15.92 0.0
15.98 0.0
16.04 0.0
16.1 0.0
16.16 0.0
16.22 0.0
16.28 0.0
16.34 1.2963611143520139e-05
16.4 7.778166686112083e-05
16.46 3.8890833430560414e-05
16.52 2.5927222287040277e-05
16.58 5.1854444574080554e-05
16.64 0.0001296361114352014
16.7 0.00014259972257872153
16.759999999999998 0.00010370888914816111
16.82 0.00037594472316208405
16.88 0.00044076277887968474
16.94 0.00036298111201856387
17.0 0.00035001750087504374
17.06 0.0005963261126019264
17.12 0.0005574352791713659
17.18 0.0006741077794630472
17.24 0.0006092897237454465
17.3 0.0007518894463241681
17.36 0.0007778166686112084
17.42 0.0006870713906065674
17.48 0.0008815255577593695
17.54 0.0007389258351806479
17.6 0.0008167075020417688
17.66 0.0008555983354723291
17.72 0.0007648530574676882
17.78 0.0007778166686112084
17.84 0.0006222533348889666
17.9 0.0005444716680278459
17.96 0.0001944541671528021
18.02 0.0
18.08 0.0
18.14 0.0
18.2 0.0
18.259999999999998 0.0
18.32 0.0
18.38 0.0
18.439999999999998 0.0
18.5 0.0
18.56 0.0
18.62 0.0
18.68 0.0
18.740000000000002 0.0
18.8 0.0
18.86 0.0
18.92 0.0
18.98 0.0
19.04 0.0
19.1 0.0
19.16 0.0
19.22 0.0
19.28 0.0
19.34 0.0
19.4 0.0
19.46 0.0
19.52 0.0
19.58 0.0
19.64 0.0
19.7 0.0
19.759999999999998 0.0
19.82 0.0
19.88 0.0
19.939999999999998 0.0
19.999999999999996
***
18.0
90.33333333333333
14.0 0.0
14.06 0.0
14.12 0.0
14.18 0.0
14.24 0.0
14.3 0.0
14.36 0.0
14.42 0.0
14.48 0.0
14.54 0.0
14.6 0.0
14.66 0.0
14.72 0.0
14.78 0.0
14.84 0.0
14.9 0.0
14.96 0.0
15.02 0.0
15.08 0.0
15.14 0.0
15.2 0.0
15.26 0.0
15.32 0.0
15.379999999999999 0.0
15.44 0.0
15.5 0.0
15.56 0.0
15.62 0.0
15.68 0.0
15.74 0.0
15.8 0.0
15.86 0.0
15.92 0.0
15.98 0.0
16.04 0.0
16.1 0.0
16.16 0.0
16.22 0.0
16.28 0.0
16.34 0.0
16.4 0.0
16.46 5.530591081921881e-05
16.52 4.1479433114414105e-05
16.58 9.67853439336329e-05
16.64 0.00012443829934324232
16.7 0.00022122364327687523
16.759999999999998 0.00024887659868648464
16.82 0.00022122364327687523
16.88 0.00024887659868648464
16.94 0.0004009678534393363
17.0 0.0005115796750777739
17.06 0.0006774974075354303
17.12 0.000788109229173868
17.18 0.000788109229173868
17.24 0.000649844452125821
17.3 0.0008848945731075009
17.36 0.0006636709298306257
17.42 0.0008848945731075009
17.48 0.0009402004839267196
17.54 0.0007466297960594539
17.6 0.0009540269616315244
17.66 0.0009955063947459386
17.72 0.0007742827514690632
17.78 0.0006083650190114068
17.84 0.0004977531973729693
17.9 0.0006221914967162116
17.96 0.0001797442101624611
18.02 0.0
18.08 0.0
18.14 0.0
18.2 0.0
18.259999999999998 0.0
18.32 0.0
18.38 0.0
18.439999999999998 0.0
18.5 0.0
18.56 0.0
18.62 0.0
18.68 0.0
18.740000000000002 0.0
18.8 0.0
18.86 0.0
18.92 0.0
18.98 0.0
19.04 0.0
19.1 0.0
19.16 0.0
19.22 0.0
19.28 0.0
19.34 0.0
19.4 0.0
19.46 0.0
19.52 0.0
19.58 0.0
19.64 0.0
19.7 0.0
19.759999999999998 0.0
19.82 0.0
19.88 0.0
19.939999999999998 0.0
19.999999999999996
***
18.333333333333332
91.0
14.0 0.0
14.06 0.0
14.12 0.0
14.18 0.0
14.24 0.0
14.3 0.0
14.36 0.0
14.42 0.0
14.48 0.0
14.54 0.0
14.6 0.0
14.66 0.0
14.72 0.0
14.78 0.0
14.84 0.0
14.9 0.0
14.96 0.0
15.02 0.0
15.08 0.0
15.14 0.0
15.2 0.0
15.26 0.0
15.32 0.0
15.379999999999999 0.0
15.44 0.0
15.5 0.0
15.56 0.0
15.62 0.0
15.68 0.0
15.74 0.0
15.8 0.0
15.86 0.0
15.92 0.0
15.98 1.7101032902387305e-05
16.04 0.0
16.1 0.0
16.16 0.0
16.22 0.0
16.28 0.0
16.34 0.0
16.4 3.420206580477461e-05
16.46 5.130309870716191e-05
16.52 5.130309870716191e-05
16.58 8.550516451193652e-05
16.64 0.00010260619741432382
16.7 8.550516451193652e-05
16.759999999999998 0.00020521239482864764
16.82 0.0002907175593405842
16.88 0.00025651549353580957
16.94 0.0003420206580477461
17.0 0.0005130309870716191
17.06 0.000564334085778781
17.12 0.0005814351186811683
17.18 0.0007353444148026541
17.24 0.0005301320199740064
17.3 0.0007182433819002668
17.36 0.0007695464806074287
17.42 0.0008208495793145906
17.48 0.0010602640399480128
17.54 0.0008721526780217525
17.6 0.0008379506122169779
17.66 0.0009747588754360763
17.72 0.0006498392502907176
17.78 0.0007182433819002668
17.84 0.0008379506122169779
17.9 0.0008721526780217525
17.96 0.0008550516451193652
18.02 0.000615637184485943
18.08 0.0005814351186811683
18.14 0.0004959299541692318
18.2 0.0005985361515835556
18.259999999999998 0.0003249196251453588
18.32 5.130309870716191e-05
18.38 0.0
18.439999999999998 0.0
18.5 0.0
18.56 0.0
18.62 0.0
18.68 0.0
18.740000000000002 0.0
18.8 0.0
18.86 0.0
18.92 0.0
18.98 0.0
19.04 0.0
19.1 0.0
19.16 0.0
19.22 0.0
19.28 0.0
19.34 0.0
19.4 0.0
19.46 0.0
19.52 0.0
19.58 0.0
19.64 0.0
19.7 0.0
19.759999999999998 0.0
19.82 0.0
19.88 0.0
19.939999999999998 0.0
19.999999999999996
***
18.333333333333332
90.66666666666667
14.0 0.0
14.06 0.0
14.12 0.0
14.18 0.0
14.24 0.0
14.3 0.0
14.36 0.0
14.42 0.0
14.48 0.0
14.54 0.0
14.6 0.0
14.66 0.0
14.72 0.0
14.78 0.0
14.84 0.0
14.9 0.0
14.96 0.0
15.02 0.0
15.08 0.0
15.14 0.0
15.2 0.0
15.26 0.0
15.32 0.0
15.379999999999999 0.0
15.44 0.0
15.5 0.0
15.56 0.0
15.62 0.0
15.68 0.0
15.74 0.0
15.8 0.0
15.86 0.0
15.92 2.0169423154497783e-05
15.98 0.0
16.04 0.0
16.1 0.0
16.16 0.0
16.22 2.0169423154497783e-05
16.28 2.0169423154497783e-05
16.34 0.0
16.4 0.0
16.46 6.0508269463493345e-05
16.52 4.0338846308995566e-05
16.58 0.00012101653892698669
16.64 8.067769261799113e-05
16.7 0.00014118596208148446
16.759999999999998 0.0003227107704719645
16.82 0.00022186365469947558
16.88 0.00048406615570794676
16.94 0.0006252521177894312
17.0 0.000463896732553449
17.06 0.0005244050020169423
17.12 0.0007059298104074224
17.18 0.001008471157724889
17.24 0.000826946349334409
17.3 0.000927793465106898
17.36 0.0007462686567164179
17.42 0.0009681323114158935
17.48 0.001008471157724889
17.54 0.0010689794271883824
17.6 0.0009479628882613958
17.66 0.001189995966115369
17.72 0.0010891488503428802
17.78 0.0008672851956434046
17.84 0.0011698265429608713
17.9 0.0007260992335619201
17.96 0.0008067769261799112
18.02 0.0005647438483259379
18.08 0.0006655909640984268
18.14 0.0005244050020169423
18.2 0.0007260992335619201
18.259999999999998 0.00048406615570794676
18.32 0.0
18.38 0.0
18.439999999999998 0.0
18.5 0.0
18.56 0.0
18.62 0.0
18.68 0.0
18.740000000000002 0.0
18.8 0.0
18.86 0.0
18.92 0.0
18.98 0.0
19.04 0.0
19.1 0.0
19.16 0.0
19.22 0.0
19.28 0.0
19.34 0.0
19.4 0.0
19.46 0.0
19.52 0.0
19.58 0.0
19.64 0.0
19.7 0.0
19.759999999999998 0.0
19.82 0.0
19.88 0.0
19.939999999999998 0.0
19.999999999999996
***
18.333333333333332
90.33333333333333
14.0 0.0
14.06 0.0
14.12 0.0
14.18 0.0
14.24 0.0
14.3 0.0
14.36 0.0
14.42 0.0
14.48 0.0
14.54 0.0
14.6 0.0
14.66 0.0
14.72 0.0
14.78 0.0
14.84 0.0
14.9 0.0
14.96 0.0
15.02 0.0
15.08 0.0
15.14 0.0
15.2 0.0
15.26 0.0
15.32 0.0
15.379999999999999 0.0
15.44 0.0
15.5 0.0
15.56 0.0
15.62 0.0
15.68 0.0
15.74 0.0
15.8 0.0
15.86 0.0
15.92 0.0
15.98 0.0
16.04 0.0
16.1 2.286027798098025e-05
16.16 0.0
16.22 0.0
16.28 0.0
16.34 0.0
16.4 2.286027798098025e-05
16.46 6.858083394294074e-05
16.52 2.286027798098025e-05
16.58 4.57205559619605e-05
16.64 0.000182882223847842
16.7 0.00011430138990490124
16.759999999999998 0.00016002194586686174
16.82 0.00022860277980980248
16.88 0.000365764447695684
16.94 0.0003429041697147037
17.0 0.0007772494513533284
17.06 0.0005257863935625457
17.12 0.0007772494513533284
17.18 0.0006858083394294074
17.24 0.0009601316752011704
17.3 0.0010744330651060716
17.36 0.0011430138990490123
17.42 0.0009372713972201902
17.48 0.0013030358449158742
17.54 0.0008915508412582297
17.6 0.001188734455010973
17.66 0.0012344550109729335
17.72 0.001120153621068032
17.78 0.0010972933430870519
17.84 0.001280175566934894
17.9 0.0011430138990490123
17.96 0.0008686905632772495
18.02 0.0009144111192392099
18.08 0.0009601316752011704
18.14 0.0008229700073152889
18.2 0.0008229700073152889
18.259999999999998 0.0006629480614484272
18.32 9.1441111923921e-05
18.38 0.0
18.439999999999998 0.0
18.5 0.0
18.56 0.0
18.62 0.0
18.68 0.0
18.740000000000002 0.0
18.8 0.0
18.86 0.0
18.92 0.0
18.98 0.0
19.04 0.0
19.1 0.0
19.16 0.0
19.22 0.0
19.28 0.0
19.34 0.0
19.4 0.0
19.46 0.0
19.52 0.0
19.58 0.0
19.64 0.0
19.7 0.0
19.759999999999998 0.0
19.82 0.0
19.88 0.0
19.939999999999998 0.0
19.999999999999996
***
18.666666666666668
91.0
14.0 0.0
14.06 0.0
14.12 0.0
14.18 0.0
14.24 0.0
14.3 0.0
14.36 0.0
14.42 0.0
14.48 0.0
14.54 0.0
14.6 0.0
14.66 0.0
14.72 0.0
14.78 0.0
14.84 0.0
14.9 0.0
14.96 0.0
15.02 0.0
15.08 0.0
15.14 0.0
15.2 0.0
15.26 0.0
15.32 0.0
15.379999999999999 0.0
15.44 0.0
15.5 0.0
15.56 0.0
15.62 0.0
15.68 0.0
15.74 0.0
15.8 0.0
15.86 0.0
15.92 0.0
15.98 0.0
16.04 0.0
16.1 2.437003460544914e-05
16.16 0.0
16.22 2.437003460544914e-05
16.28 0.0
16.34 2.437003460544914e-05
16.4 7.311010381634741e-05
16.46 4.874006921089828e-05
16.52 2.437003460544914e-05
16.58 9.748013842179656e-05
16.64 0.00014622020763269483
16.7 0.0001218501730272457
16.759999999999998 0.0002437003460544914
16.82 0.00041429058829263536
16.88 0.0006092508651362285
16.94 0.0004386606228980845
17.0 0.0005848808305307793
17.06 0.0006579909343471268
17.12 0.0006336208997416776
17.18 0.000877321245796169
17.24 0.0009504313496125164
17.3 0.0008529512111907199
17.36 0.0011697616610615586
17.42 0.0009260613150070674
17.48 0.0006336208997416776
17.54 0.0008042111419798217
17.6 0.0009504313496125164
17.66 0.0008042111419798217
17.72 0.0007798411073743725
17.78 0.0009991714188234146
17.84 0.0010235414534288639
17.9 0.0008285811765852707
17.96 0.0009260613150070674
18.02 0.0011453916264561096
18.08 0.0009504313496125164
18.14 0.0009504313496125164
18.2 0.000706731003558025
18.259999999999998 0.0007554710727689233
18.32 0.000682360968952576
18.38 0.0004630306575035337
18.439999999999998 0.000682360968952576
18.5 0.0008285811765852707
18.56 0.000341180484476288
18.62 0.000170590242238144
18.68 0.0
18.740000000000002 0.0
18.8 0.0
18.86 0.0
18.92 0.0
18.98 0.0
19.04 0.0
19.1 0.0
19.16 0.0
19.22 0.0
19.28 0.0
19.34 0.0
19.4 0.0
19.46 0.0
19.52 0.0
19.58 0.0
19.64 0.0
19.7 0.0
19.759999999999998 0.0
19.82 0.0
19.88 0.0
19.939999999999998 0.0
19.999999999999996
***
18.666666666666668
90.66666666666667
14.0 0.0
14.06 0.0
14.12 0.0
14.18 0.0
14.24 0.0
14.3 0.0
14.36 0.0
14.42 0.0
14.48 0.0
14.54 0.0
14.6 0.0
14.66 0.0
14.72 0.0
14.78 0.0
14.84 0.0
14.9 0.0
14.96 0.0
15.02 0.0
15.08 0.0
15.14 0.0
15.2 0.0
15.26 0.0
15.32 0.0
15.379999999999999 0.0
15.44 0.0
15.5 0.0
15.56 0.0
15.62 0.0
15.68 0.0
15.74 0.0
15.8 0.0
15.86 0.0
15.92 0.0
15.98 0.0
16.04 0.0
16.1 0.0
16.16 0.0
16.22 2.9120559114735002e-05
16.28 0.0
16.34 5.8241118229470004e-05
16.4 0.0
16.46 5.8241118229470004e-05
16.52 0.00014560279557367502
16.58 5.8241118229470004e-05
16.64 0.000262085032032615
16.7 0.00017472335468841002
16.759999999999998 0.00020384391380314502
16.82 0.00037856726849155506
16.88 0.00046592894583576003
16.94 0.0005532906231799651
17.0 0.00064065230052417
17.06 0.000844496214327315
17.12 0.0009318578916715201
17.18 0.00064065230052417
17.24 0.000844496214327315
17.3 0.0010774606872451951
17.36 0.0011065812463599302
17.42 0.0010192195690157252
17.48 0.0013977868375072801
17.54 0.0010774606872451951
17.6 0.0009609784507862551
17.66 0.001193942923704135
17.72 0.0009900990099009901
17.78 0.00122306348281887
17.84 0.0011065812463599302
17.9 0.0013395457192778102
17.96 0.001193942923704135
18.02 0.001193942923704135
18.08 0.0013104251601630751
18.14 0.0008153756552125801
18.2 0.00104834012813046
18.259999999999998 0.0007571345369831101
18.32 0.0009318578916715201
18.38 0.0008736167734420501
18.439999999999998 0.0010774606872451951
18.5 0.00037856726849155506
18.56 0.0005824111822947001
18.62 0.00014560279557367502
18.68 0.0
18.740000000000002 0.0
18.8 0.0
18.86 0.0
18.92 0.0
18.98 0.0
19.04 0.0
19.1 0.0
19.16 0.0
19.22 0.0
19.28 0.0
19.34 0.0
19.4 0.0
19.46 0.0
19.52 0.0
19.58 0.0
19.64 0.0
19.7 0.0
19.759999999999998 0.0
19.82 0.0
19.88 0.0
19.939999999999998 0.0
19.999999999999996
***
18.666666666666668
90.33333333333333
14.0 0.0
14.06 0.0
14.12 0.0
14.18 0.0
14.24 0.0
14.3 0.0
14.36 0.0
14.42 0.0
14.48 0.0
14.54 0.0
14.6 0.0
14.66 0.0
14.72 0.0
14.78 0.0
14.84 0.0
14.9 0.0
14.96 0.0
15.02 0.0
15.08 0.0
15.14 0.0
15.2 0.0
15.26 0.0
15.32 0.0
15.379999999999999 0.0
15.44 0.0
15.5 0.0
15.56 0.0
15.62 0.0
15.68 0.0
15.74 0.0
15.8 0.0
15.86 0.0
15.92 0.0
15.98 0.0
16.04 0.0
16.1 0.0
16.16 0.0
16.22 0.0
16.28 0.0
16.34 3.425478710649813e-05
16.4 3.425478710649813e-05
16.46 0.0
16.52 3.425478710649813e-05
16.58 0.00017127393553249067
16.64 0.0001027643613194944
16.7 0.0001027643613194944
16.759999999999998 0.0002055287226389888
16.82 0.0004110574452779776
16.88 0.0004453122323844757
16.94 0.000993388826088446
17.0 0.0009248792518754496
17.06 0.0005823313808104683
17.12 0.0011989175487274347
17.18 0.0010961531874079402
17.24 0.0010961531874079402
17.3 0.0011989175487274347
17.36 0.001575720206898914
17.42 0.0013016819100469292
17.48 0.001507210632685918
17.54 0.001061898400301442
17.6 0.0016442297811119105
17.66 0.0016099749940054122
17.72 0.0017127393553249067
17.78 0.0016442297811119105
17.84 0.001575720206898914
17.9 0.0012674271229404308
17.96 0.0009591340389819477
18.02 0.0012674271229404308
18.08 0.0008563696776624533
18.14 0.0008906244647689514
18.2 0.0014387010584729215
18.259999999999998 0.0008563696776624533
18.32 0.0011304079745144385
18.38 0.0009248792518754496
18.439999999999998 0.000787860103449457
18.5 0.0006508409550234646
18.56 0.0006508409550234646
18.62 0.0003082930839584832
18.68 0.0
18.740000000000002 0.0
18.8 0.0
18.86 0.0
18.92 0.0
18.98 0.0
19.04 0.0
19.1 0.0
19.16 0.0
19.22 0.0
19.28 0.0
19.34 0.0
19.4 0.0
19.46 0.0
19.52 0.0
19.58 0.0
19.64 0.0
19.7 0.0
19.759999999999998 0.0
19.82 0.0
19.88 0.0
19.939999999999998 0.0
19.999999999999996
***
19.0
91.0
14.0 0.0
14.06 0.0
14.12 0.0
14.18 0.0
14.24 0.0
14.3 0.0
14.36 0.0
14.42 0.0
14.48 0.0
14.54 0.0
14.6 0.0
14.66 0.0
14.72 0.0
14.78 0.0
14.84 0.0
14.9 0.0
14.96 0.0
15.02 0.0
15.08 0.0
15.14 0.0
15.2 0.0
15.26 0.0
15.32 0.0
15.379999999999999 0.0
15.44 0.0
15.5 0.0
15.56 0.0
15.62 0.0
15.68 0.0
15.74 0.0
15.8 0.0
15.86 0.0
15.92 0.0
15.98 0.0
16.04 0.0
16.1 0.0
16.16 0.0
16.22 0.0
16.28 0.0
16.34 6.361120829490156e-05
16.4 0.0
16.46 9.541681244235235e-05
16.52 3.180560414745078e-05
16.58 0.0001590280207372539
16.64 0.00022263922903215547
16.7 0.0001590280207372539
16.759999999999998 0.00025444483317960625
16.82 0.00022263922903215547
16.88 0.00044527845806431094
16.94 0.0008587513119811711
17.0 0.0003816672497694094
17.06 0.0008269457078337203
17.12 0.0009223625202760727
17.18 0.0013358353741929328
17.24 0.0010813905410133266
17.3 0.0012722241658980312
17.36 0.0006679176870964664
17.42 0.0006361120829490156
17.48 0.0008905569161286219
17.54 0.001176807353455679
17.6 0.0010495849368658758
17.66 0.0008587513119811711
17.72 0.0007633344995388188
17.78 0.0010813905410133266
17.84 0.0011450017493082282
17.9 0.0012086129576031296
17.96 0.0009541681244235234
18.02 0.0013358353741929328
18.08 0.0007633344995388188
18.14 0.0009541681244235234
18.2 0.0010495849368658758
18.259999999999998 0.0012086129576031296
18.32 0.0008269457078337203
18.38 0.0008587513119811711
18.439999999999998 0.0008269457078337203
18.5 0.000731528895391368
18.56 0.0008905569161286219
18.62 0.0007633344995388188
18.68 0.0006043064788015648
18.740000000000002 0.0006997232912439172
18.8 0.0005406952705066633
18.86 0.0004770840622117617
18.92 0.0005088896663592125
18.98 0.0
19.04 0.0
19.1 0.0
19.16 0.0
19.22 0.0
19.28 0.0
19.34 0.0
19.4 0.0
19.46 0.0
19.52 0.0
19.58 0.0
19.64 0.0
19.7 0.0
19.759999999999998 0.0
19.82 0.0
19.88 0.0
19.939999999999998 0.0
19.999999999999996
***
19.0
90.66666666666667
14.0 0.0
14.06 0.0
14.12 0.0
14.18 0.0
14.24 0.0
14.3 0.0
14.36 0.0
14.42 0.0
14.48 0.0
14.54 0.0
14.6 0.0
14.66 0.0
14.72 0.0
14.78 0.0
14.84 0.0
14.9 0.0
14.96 0.0
15.02 0.0
15.08 0.0
15.14 0.0
15.2 0.0
15.26 0.0
15.32 0.0
15.379999999999999 0.0
15.44 0.0
15.5 0.0
15.56 0.0
15.62 0.0
15.68 3.8853057735643796e-05
15.74 0.0
15.8 0.0
15.86 0.0
15.92 0.0
15.98 0.0
16.04 0.0
16.1 0.0
16.16 3.8853057735643796e-05
16.22 0.0
16.28 0.0
16.34 0.0
16.4 3.8853057735643796e-05
16.46 0.00015541223094257519
16.52 7.770611547128759e-05
16.58 3.8853057735643796e-05
16.64 3.8853057735643796e-05
16.7 0.00019426528867821897
16.759999999999998 0.00015541223094257519
16.82 0.00023311834641386278
16.88 0.000582795866034657
16.94 0.0010101795011267386
17.0 0.000582795866034657
17.06 0.0006216489237703007
17.12 0.0012432978475406015
17.18 0.0012821509052762452
17.24 0.0007382080969772321
17.3 0.0010490325588623825
17.36 0.0012044447898049576
17.42 0.001359857020747533
17.48 0.0014764161939544642
17.54 0.001709534540368327
17.6 0.001165591732069314
17.66 0.001165591732069314
17.72 0.001515269251690108
17.78 0.001709534540368327
17.84 0.0007382080969772321
17.9 0.0013987100784831766
17.96 0.0012432978475406015
18.02 0.001165591732069314
18.08 0.0013987100784831766
18.14 0.0012044447898049576
18.2 0.0016318284248970393
18.259999999999998 0.0012432978475406015
18.32 0.0007770611547128759
18.38 0.0012044447898049576
18.439999999999998 0.00112673867433367
18.5 0.0008547672701841635
18.56 0.001165591732069314
18.62 0.0008547672701841635
18.68 0.0010490325588623825
18.740000000000002 0.0009713264433910949
18.8 0.0005439428082990132
18.86 0.00042738363509208177
18.92 0.00034967751962079415
18.98 7.770611547128759e-05
19.04 0.0
19.1 0.0
19.16 0.0
19.22 0.0
19.28 0.0
19.34 0.0
19.4 0.0
19.46 0.0
19.52 0.0
19.58 0.0
19.64 0.0
19.7 0.0
19.759999999999998 0.0
19.82 0.0
19.88 0.0
19.939999999999998 0.0
19.999999999999996
***
19.0
90.33333333333333
14.0 0.0
14.06 0.0
14.12 0.0
14.18 0.0
14.24 0.0
14.3 0.0
14.36 0.0
14.42 0.0
14.48 0.0
14.54 0.0
14.6 0.0
14.66 0.0
14.72 0.0
14.78 0.0
14.84 0.0
14.9 0.0
14.96 0.0
15.02 0.0
15.08 0.0
15.14 0.0
15.2 0.0
15.26 0.0
15.32 0.0
15.379999999999999 0.0
15.44 0.0
15.5 0.0
15.56 0.0
15.62 0.0
15.68 0.0
15.74 0.0
15.8 0.0
15.86 0.0
15.92 0.0
15.98 0.0
16.04 0.0
16.1 0.0
16.16 0.0
16.22 0.0
16.28 0.0
16.34 0.0
16.4 0.0
16.46 0.0
16.52 0.0
16.58 0.0
16.64 0.00024714546982353814
16.7 0.00024714546982353814
16.759999999999998 0.0001977163758588305
16.82 0.000790865503435322
16.88 0.0006425782215411991
16.94 0.00024714546982353814
17.0 0.0010874400672235677
17.06 0.0009885818792941526
17.12 0.0009391527853294449
17.18 0.001334585537047106
17.24 0.0018783055706588898
17.3 0.0012851564430823982
17.36 0.0017794473827294746
17.42 0.0019277346646235974
17.48 0.0016805891948000592
17.54 0.0020760219465177205
17.6 0.0013840146310118136
17.66 0.0017794473827294746
17.72 0.0015323019129059364
17.78 0.0019277346646235974
17.84 0.0013840146310118136
17.9 0.0021748801344471354
17.96 0.0015323019129059364
18.02 0.0016311601008353518
18.08 0.0015323019129059364
18.14 0.0016311601008353518
18.2 0.0010874400672235677
18.259999999999998 0.0013840146310118136
18.32 0.0018783055706588898
18.38 0.001186298255152983
18.439999999999998 0.0011368691611882754
18.5 0.0016311601008353518
18.56 0.0010874400672235677
18.62 0.001334585537047106
18.68 0.001581731006870644
18.740000000000002 0.0006425782215411991
18.8 0.0012851564430823982
18.86 0.000790865503435322
18.92 0.0004942909396470763
18.98 4.942909396470763e-05
19.04 0.0
19.1 0.0
19.16 0.0
19.22 0.0
19.28 0.0
19.34 0.0
19.4 0.0
19.46 0.0
19.52 0.0
19.58 0.0
19.64 0.0
19.7 0.0
19.759999999999998 0.0
19.82 0.0
19.88 0.0
19.939999999999998 0.0
19.999999999999996
***
19.333333333333332
91.0
14.0 0.0
14.06 0.0
14.12 0.0
14.18 0.0
14.24 0.0
14.3 0.0
14.36 0.0
14.42 0.0
14.48 0.0
14.54 0.0
14.6 0.0
14.66 0.0
14.72 0.0
14.78 0.0
14.84 0.0
14.9 0.0
14.96 0.0
15.02 0.0
15.08 0.0
15.14 0.0
15.2 0.0
15.26 0.0
15.32 0.0
15.379999999999999 0.0
15.44 0.0
15.5 0.0
15.56 0.0
15.62 3.536568114301882e-05
15.68 0.0
15.74 0.0
15.8 0.0
15.86 0.0
15.92 0.0
15.98 0.0
16.04 0.0
16.1 0.0
16.16 3.536568114301882e-05
16.22 0.0
16.28 3.536568114301882e-05
16.34 0.0
16.4 0.0
16.46 7.073136228603763e-05
16.52 3.536568114301882e-05
16.58 7.073136228603763e-05
16.64 0.0002121940868581129
16.7 0.00014146272457207527
16.759999999999998 0.00031829113028716935
16.82 0.0002121940868581129
16.88 0.00045975385485924456
16.94 0.0007073136228603763
17.0 0.0006719479417173575
17.06 0.0006012165794313199
17.12 0.0007073136228603763
17.18 0.000778044985146414
17.24 0.0009195077097184891
17.3 0.0008134106662894328
17.36 0.0009902390720045269
17.42 0.0012377988400056586
17.48 0.0009548733908615079
17.54 0.0013792615645777339
17.6 0.0009195077097184891
17.66 0.0010609704342905645
17.72 0.0010609704342905645
17.78 0.0008841420285754703
17.84 0.0008841420285754703
17.9 0.0012731645211486774
17.96 0.0014499929268637715
18.02 0.0011317017965766021
18.08 0.001167067477719621
18.14 0.0011317017965766021
18.2 0.001167067477719621
18.259999999999998 0.0009195077097184891
18.32 0.0008487763474324516
18.38 0.0009548733908615079
18.439999999999998 0.0007426793040033952
18.5 0.000778044985146414
18.56 0.0006719479417173575
18.62 0.0008841420285754703
18.68 0.0008134106662894328
18.740000000000002 0.0008841420285754703
18.8 0.0008487763474324516
18.86 0.0005658508982883011
18.92 0.0007426793040033952
18.98 0.0004951195360022634
19.04 0.0006719479417173575
19.1 0.0005304852171452823
19.16 0.00017682840571509408
19.22 0.00028292544914415053
19.28 3.536568114301882e-05
19.34 0.0
19.4 0.0
19.46 0.0
19.52 0.0
19.58 0.0
19.64 0.0
19.7 0.0
19.759999999999998 0.0
19.82 0.0
19.88 0.0
19.939999999999998 0.0
19.999999999999996
***
19.333333333333332
90.66666666666667
14.0 0.0
14.06 0.0
14.12 0.0
14.18 0.0
14.24 0.0
14.3 0.0
14.36 0.0
14.42 0.0
14.48 0.0
14.54 0.0
14.6 0.0
14.66 0.0
14.72 0.0
14.78 0.0
14.84 0.0
14.9 0.0
14.96 0.0
15.02 0.0
15.08 0.0
15.14 0.0
15.2 0.0
15.26 0.0
15.32 0.0
15.379999999999999 0.0
15.44 0.0
15.5 0.0
15.56 0.0
15.62 0.0
15.68 0.0
15.74 0.0
15.8 0.0
15.86 0.0
15.92 0.0
15.98 0.0
16.04 0.0
16.1 0.0
16.16 0.0
16.22 0.0
16.28 0.0
16.34 0.0
16.4 0.0
16.46 9.726680284019065e-05
16.52 0.0
16.58 0.00014590020426028595
16.64 0.0001945336056803813
16.7 0.00024316700710047662
16.759999999999998 0.0004377006127808579
16.82 0.0003890672113607626
16.88 0.0003404338099406672
16.94 0.00048633401420095323
17.0 0.0005349674156210486
17.06 0.0009240346269818111
17.12 0.0008754012255617158
17.18 0.0014103686411827644
17.24 0.0012158350355023831
17.3 0.0016049022468631457
17.36 0.0009726680284019065
17.42 0.0012158350355023831
17.48 0.0018480692539636222
17.54 0.0009240346269818111
17.6 0.0018480692539636222
17.66 0.0011672016340822876
17.72 0.0013131018383425736
17.78 0.0012644684369224784
17.84 0.0017021690497033362
17.9 0.001945336056803813
17.96 0.0012644684369224784
18.02 0.001653535648283241
18.08 0.001361735239762669
18.14 0.0015562688454430504
18.2 0.001507635444022955
18.259999999999998 0.0007295010213014298
18.32 0.0016049022468631457
18.38 0.0014103686411827644
18.439999999999998 0.001799435852543527
18.5 0.001507635444022955
18.56 0.0014103686411827644
18.62 0.001069934831242097
18.68 0.0008754012255617158
18.740000000000002 0.0011672016340822876
18.8 0.001069934831242097
18.86 0.0006808676198813345
18.92 0.0011185682326621924
18.98 0.0009240346269818111
19.04 0.0007295010213014298
19.1 0.0006808676198813345
19.16 0.0005349674156210486
19.22 0.0007781344227215252
19.28 9.726680284019065e-05
19.34 0.0
19.4 0.0
19.46 0.0
19.52 0.0
19.58 0.0
19.64 0.0
19.7 0.0
19.759999999999998 0.0
19.82 0.0
19.88 0.0
19.939999999999998 0.0
19.999999999999996
***
19.333333333333332
90.33333333333333
14.0 0.0
14.06 0.0
14.12 0.0
14.18 0.0
14.24 0.0
14.3 0.0
14.36 0.0
14.42 0.0
14.48 0.0
14.54 0.0
14.6 0.0
14.66 0.0
14.72 0.0
14.78 0.0
14.84 0.0
14.9 0.0
14.96 0.0
15.02 0.0
15.08 0.0
15.14 0.0
15.2 0.0
15.26 0.0
15.32 0.0
15.379999999999999 0.0
15.44 0.0
15.5 0.0
15.56 0.0
15.62 0.0
15.68 0.0
15.74 0.0
15.8 0.0
15.86 0.0
15.92 0.0
15.98 0.0
16.04 0.0
16.1 0.0
16.16 0.0
16.22 6.696578048617156e-05
16.28 0.0
16.34 0.0
16.4 0.0
16.46 0.0
16.52 0.00020089734145851469
16.58 0.00013393156097234312
16.64 0.00020089734145851469
16.7 0.00040179468291702937
16.759999999999998 0.0006696578048617156
16.82 0.0003348289024308578
16.88 0.0006026920243755441
16.94 0.0008705551463202304
17.0 0.001540212951181946
17.06 0.0014062813902096028
17.12 0.001875041853612804
17.18 0.0008705551463202304
17.24 0.0013393156097234312
17.3 0.002276836536529833
17.36 0.0017411102926404608
17.42 0.002343802317016005
17.48 0.001540212951181946
17.54 0.001875041853612804
17.6 0.0024107680975021762
17.66 0.002343802317016005
17.72 0.002276836536529833
17.78 0.002611665438960691
17.84 0.00214290497555749
17.9 0.0024107680975021762
17.96 0.00214290497555749
18.02 0.002343802317016005
18.08 0.0018080760731266324
18.14 0.001674144512154289
18.2 0.00214290497555749
18.259999999999998 0.0012053840487510881
18.32 0.0012723498292372597
18.38 0.0014732471706957744
18.439999999999998 0.0016071787316681175
18.5 0.0014732471706957744
18.56 0.001674144512154289
18.62 0.0019420076340989755
18.68 0.0012053840487510881
18.740000000000002 0.0008705551463202304
18.8 0.00214290497555749
18.86 0.001674144512154289
18.92 0.001071452487778745
18.98 0.000937520926806402
19.04 0.0006026920243755441
19.1 0.0008705551463202304
19.16 0.0012723498292372597
19.22 0.0003348289024308578
19.28 0.0007366235853478872
19.34 0.0
19.4 0.0
19.46 0.0
19.52 0.0
19.58 0.0
19.64 0.0
19.7 0.0
19.759999999999998 0.0
19.82 0.0
19.88 0.0
19.939999999999998 0.0
19.999999999999996
***
19.666666666666668
91.0
14.0 0.0
14.06 0.0
14.12 0.0
14.18 0.0
14.24 0.0
14.3 0.0
14.36 0.0
14.42 0.0
14.48 0.0
14.54 0.0
14.6 0.0
14.66 0.0
14.72 0.0
14.78 0.0
14.84 0.0
14.9 0.0
14.96 0.0
15.02 0.0
15.08 0.0
15.14 0.0
15.2 0.0
15.26 0.0
15.32 0.0
15.379999999999999 0.0
15.44 0.0
15.5 0.0
15.56 0.0
15.62 0.0
15.68 0.0
15.74 0.0
15.8 0.0
15.86 0.0
15.92 0.0
15.98 0.0
16.04 0.0
16.1 0.0
16.16 0.0
16.22 0.0
16.28 0.0
16.34 0.0
16.4 0.0
16.46 3.928501276762915e-05
16.52 0.00011785503830288745
16.58 7.85700255352583e-05
16.64 0.0001571400510705166
16.7 0.0001571400510705166
16.759999999999998 0.00011785503830288745
16.82 0.00043213514044392065
16.88 0.0006285602042820664
16.94 0.0005499901787468081
17.0 0.0005892751915144372
17.06 0.0008642702808878413
17.12 0.0007464152425849538
17.18 0.000785700255352583
17.24 0.0009428403064230996
17.3 0.000785700255352583
17.36 0.0010214103319583579
17.42 0.0010999803574936163
17.48 0.0009035552936554704
17.54 0.0010214103319583579
17.6 0.0011785503830288745
17.66 0.001571400510705166
17.72 0.0014928304851699076
17.78 0.0004714201532115498
17.84 0.0009428403064230996
17.9 0.0009035552936554704
17.96 0.0009821253191907287
18.02 0.0012964054213317618
18.08 0.0010999803574936163
18.14 0.0010999803574936163
18.2 0.0009821253191907287
18.259999999999998 0.0011785503830288745
18.32 0.0012178353957965037
18.38 0.0005499901787468081
18.439999999999998 0.0010214103319583579
18.5 0.0011785503830288745
18.56 0.0005892751915144372
18.62 0.0008642702808878413
18.68 0.0006678452170496955
18.740000000000002 0.0009428403064230996
18.8 0.0004714201532115498
18.86 0.0007071302298173247
18.92 0.0006285602042820664
18.98 0.000785700255352583
19.04 0.0005107051659791789
19.1 0.0008642702808878413
19.16 0.00043213514044392065
19.22 0.0005892751915144372
19.28 0.000785700255352583
19.34 0.0006285602042820664
19.4 0.0005892751915144372
19.46 0.00043213514044392065
19.52 0.00027499508937340407
19.58 0.0002357100766057749
19.64 3.928501276762915e-05
19.7 0.0
19.759999999999998 0.0
19.82 0.0
19.88 0.0
19.939999999999998 0.0
19.999999999999996
***
19.666666666666668
90.66666666666667
14.0 0.0
14.06 0.0
14.12 0.0
14.18 0.0
14.24 0.0
14.3 0.0
14.36 0.0
14.42 0.0
14.48 0.0
14.54 0.0
14.6 0.0
14.66 0.0
14.72 0.0
14.78 0.0
14.84 0.0
14.9 0.0
14.96 0.0
15.02 0.0
15.08 0.0
15.14 0.0
15.2 0.0
15.26 0.0
15.32 0.0
15.379999999999999 0.0
15.44 0.0
15.5 0.0
15.56 0.0
15.62 0.0
15.68 0.0
15.74 0.0
15.8 0.0
15.86 0.0
15.92 0.0
15.98 0.0
16.04 0.0
16.1 0.0
16.16 0.0
16.22 0.0
16.28 0.0
16.34 0.0
16.4 0.00017763041032624785
16.46 5.921013677541595e-05
16.52 5.921013677541595e-05
16.58 5.921013677541595e-05
16.64 0.00041447095742791165
16.7 0.0004736810942033276
16.759999999999998 0.0002368405471016638
16.82 0.0005328912309787436
16.88 0.0004736810942033276
16.94 0.0005328912309787436
17.0 0.0010657824619574872
17.06 0.0010657824619574872
17.12 0.001302623009059151
17.18 0.001184202735508319
17.24 0.0010657824619574872
17.3 0.001302623009059151
17.36 0.0015986736929362306
17.42 0.002072354787139558
17.48 0.0018355142400378944
17.54 0.0015394635561608147
17.6 0.002309195334241222
17.66 0.0013618331458345669
17.72 0.00219077506069039
17.78 0.001184202735508319
17.84 0.0017763041032624785
17.9 0.0019539345135887263
17.96 0.0016578838297116466
18.02 0.0014802534193853988
18.08 0.0010657824619574872
18.14 0.0017170939664870625
18.2 0.0018355142400378944
18.259999999999998 0.0017763041032624785
18.32 0.0017170939664870625
18.38 0.0015986736929362306
18.439999999999998 0.001124992598732903
18.5 0.0013618331458345669
18.56 0.001124992598732903
18.62 0.001243412872283735
18.68 0.001243412872283735
18.740000000000002 0.0013618331458345669
18.8 0.001124992598732903
18.86 0.001124992598732903
18.92 0.0007697317780804073
18.98 0.0008881520516312392
19.04 0.0008289419148558233
19.1 0.0010657824619574872
19.16 0.0007105216413049914
19.22 0.0008881520516312392
19.28 0.0005921013677541595
19.34 0.0004736810942033276
19.4 0.0005921013677541595
19.46 0.0008881520516312392
19.52 0.0005328912309787436
19.58 0.00041447095742791165
19.64 0.00017763041032624785
19.7 0.0
19.759999999999998 0.0
19.82 0.0
19.88 0.0
19.939999999999998 0.0
19.999999999999996
***
19.666666666666668
90.33333333333333
14.0 0.0
14.06 0.0
14.12 0.0
14.18 0.0
14.24 0.0
14.3 0.0
14.36 0.0
14.42 0.0
14.48 0.0
14.54 0.0
14.6 0.0
14.66 0.0
14.72 0.0
14.78 0.0
14.84 0.0
14.9 0.0
14.96 0.0
15.02 0.0
15.08 0.0
15.14 0.0
15.2 0.0
15.26 0.0
15.32 0.0
15.379999999999999 0.0
15.44 0.0
15.5 0.0
15.56 0.0
15.62 0.0
15.68 0.0
15.74 0.0
15.8 0.0
15.86 0.0
15.92 0.0
15.98 0.0
16.04 0.0
16.1 0.0
16.16 0.0
16.22 0.0
16.28 0.0
16.34 0.0
16.4 0.0
16.46 8.54920064973925e-05
16.52 8.54920064973925e-05
16.58 0.0
16.64 0.000170984012994785
16.7 0.00042746003248696245
16.759999999999998 0.00068393605197914
16.82 0.0005984440454817474
16.88 0.0009404120714713174
16.94 0.00068393605197914
17.0 0.00136787210395828
17.06 0.0016243481234504574
17.12 0.0016243481234504574
17.18 0.0016243481234504574
17.24 0.0017953321364452424
17.3 0.00136787210395828
17.36 0.0020518081559374197
17.42 0.0034196802598956996
17.48 0.0023082841754295974
17.54 0.0018808241429426348
17.6 0.0025647601949217746
17.66 0.002479268188424382
17.72 0.00307771223390613
17.78 0.0026502522014191674
17.84 0.0023082841754295974
17.9 0.002479268188424382
17.96 0.0025647601949217746
18.02 0.0023082841754295974
18.08 0.0025647601949217746
18.14 0.0021373001624348125
18.2 0.0026502522014191674
18.259999999999998 0.0019663161494400273
18.32 0.0020518081559374197
18.38 0.0026502522014191674
18.439999999999998 0.0016243481234504574
18.5 0.0017098401299478498
18.56 0.0018808241429426348
18.62 0.0023082841754295974
18.68 0.0016243481234504574
18.740000000000002 0.0014533641104556723
18.8 0.0017098401299478498
18.86 0.0010259040779687098
18.92 0.0012823800974608873
18.98 0.0017098401299478498
19.04 0.00136787210395828
19.1 0.0011968880909634949
19.16 0.0017098401299478498
19.22 0.0018808241429426348
19.28 0.0014533641104556723
19.34 0.0007694280584765325
19.4 0.0009404120714713174
19.46 0.0008549200649739249
19.52 0.0008549200649739249
19.58 0.0007694280584765325
19.64 0.000170984012994785
19.7 0.0
19.759999999999998 0.0
19.82 0.0
19.88 0.0
19.939999999999998 0.0
19.999999999999996
***
20.0
91.0
14.0 0.0
14.06 0.0
14.12 0.0
14.18 0.0
14.24 0.0
14.3 0.0
14.36 0.0
14.42 0.0
14.48 0.0
14.54 0.0
14.6 0.0
14.66 0.0
14.72 0.0
14.78 0.0
14.84 0.0
14.9 0.0
14.96 0.0
15.02 0.0
15.08 0.0
15.14 0.0
15.2 0.0
15.26 0.0
15.32 0.0
15.379999999999999 0.0
15.44 0.0
15.5 0.0
15.56 0.0
15.62 0.0
15.68 0.0
15.74 0.0
15.8 4.146624647536905e-05
15.86 0.0
15.92 0.0
15.98 0.0
16.04 0.0
16.1 0.0
16.16 0.0
16.22 0.0
16.28 0.0
16.34 0.0
16.4 8.29324929507381e-05
16.46 0.0
16.52 4.146624647536905e-05
16.58 0.00012439873942610716
16.64 4.146624647536905e-05
16.7 0.00012439873942610716
16.759999999999998 0.00029026372532758334
16.82 0.0003731962182783214
16.88 0.0003731962182783214
16.94 0.0004975949577044286
17.0 0.0007878586830320119
17.06 0.0012025211477857025
17.12 0.0005390612041797976
17.18 0.0009122574224581191
17.24 0.0010366561618842262
17.3 0.0010781224083595952
17.36 0.0013269198872118096
17.42 0.0007463924365566429
17.48 0.0009537236689334881
17.54 0.0009122574224581191
17.6 0.0011195886548349644
17.66 0.0010781224083595952
17.72 0.0010366561618842262
17.78 0.0014513186266379167
17.84 0.0010781224083595952
17.9 0.0010366561618842262
17.96 0.0011610549013103333
18.02 0.0012854536407364405
18.08 0.0011610549013103333
18.14 0.000829324929507381
18.2 0.0009951899154088573
18.259999999999998 0.0009537236689334881
18.32 0.0009122574224581191
18.38 0.0010781224083595952
18.439999999999998 0.0010781224083595952
18.5 0.0010366561618842262
18.56 0.0007049261900812739
18.62 0.000829324929507381
18.68 0.0009537236689334881
18.740000000000002 0.0006219936971305357
18.8 0.0005805274506551667
18.86 0.0005805274506551667
18.92 0.0005805274506551667
18.98 0.0006219936971305357
19.04 0.0004975949577044286
19.1 0.0007878586830320119
19.16 0.000829324929507381
19.22 0.0005390612041797976
19.28 0.00045612871122905957
19.34 0.0004975949577044286
19.4 0.0005390612041797976
19.46 0.0005805274506551667
19.52 0.00029026372532758334
19.58 0.0004146624647536905
19.64 0.0005390612041797976
19.7 0.00045612871122905957
19.759999999999998 0.0002487974788522143
19.82 0.00029026372532758334
19.88 0.0001658649859014762
19.939999999999998 8.29324929507381e-05
19.999999999999996
***
20.0
90.66666666666667
14.0 0.0
14.06 0.0
14.12 0.0
14.18 0.0
14.24 0.0
14.3 0.0
14.36 0.0
14.42 0.0
14.48 0.0
14.54 0.0
14.6 0.0
14.66 0.0
14.72 0.0
14.78 0.0
14.84 0.0
14.9 0.0
14.96 0.0
15.02 0.0
15.08 0.0
15.14 0.0
15.2 0.0
15.26 0.0
15.32 0.0
15.379999999999999 0.0
15.44 0.0
15.5 0.0
15.56 0.0
15.62 0.0
15.68 0.0
15.74 0.0
15.8 0.0
15.86 0.0
15.92 0.0
15.98 0.0
16.04 0.0
16.1 0.0
16.16 0.0
16.22 0.0
16.28 0.0
16.34 6.44786897930234e-05
16.4 0.0
16.46 0.0001289573795860468
16.52 0.0
16.58 0.0002579147591720936
16.64 0.000322393448965117
16.7 6.44786897930234e-05
16.759999999999998 0.000322393448965117
16.82 0.0007737442775162808
16.88 0.000322393448965117
16.94 0.0007737442775162808
17.0 0.0010316590366883744
17.06 0.001096137726481398
17.12 0.0016119672448255851
17.18 0.0009671803468953511
17.24 0.0009671803468953511
17.3 0.0014830098652395384
17.36 0.0018054033142046553
17.42 0.0016119672448255851
17.48 0.0019343606937907022
17.54 0.001418531175446515
17.6 0.0013540524856534915
17.66 0.0015474885550325617
17.72 0.0015474885550325617
17.78 0.002514668901927913
17.84 0.0019988393835837256
17.9 0.0018698820039976787
17.96 0.0018054033142046553
18.02 0.0011606164162744213
18.08 0.0008382229673093043
18.14 0.0015474885550325617
18.2 0.0012250951060674448
18.259999999999998 0.0019343606937907022
18.32 0.002192275452962796
18.38 0.0014830098652395384
18.439999999999998 0.0016119672448255851
18.5 0.0019988393835837256
18.56 0.001289573795860468
18.62 0.0013540524856534915
18.68 0.001289573795860468
18.740000000000002 0.0008382229673093043
18.8 0.0009671803468953511
18.86 0.0011606164162744213
18.92 0.001096137726481398
18.98 0.0007737442775162808
19.04 0.0012250951060674448
19.1 0.0013540524856534915
19.16 0.0009027016571023276
19.22 0.0007092655877232575
19.28 0.0007092655877232575
19.34 0.0009671803468953511
19.4 0.000644786897930234
19.46 0.0007092655877232575
19.52 0.0008382229673093043
19.58 0.0008382229673093043
19.64 0.0009027016571023276
19.7 0.0008382229673093043
19.759999999999998 0.0005803082081372107
19.82 0.0004513508285511638
19.88 0.000322393448965117
19.939999999999998 0.0001289573795860468
19.999999999999996
***
20.0
90.33333333333333
14.0 0.0
14.06 0.0
14.12 0.0
14.18 0.0
14.24 0.0
14.3 0.0
14.36 0.0
14.42 0.0
14.48 0.0
14.54 0.0
14.6 0.0
14.66 0.0
14.72 0.0
14.78 0.0
14.84 0.0
14.9 0.0
14.96 0.0
15.02 0.0
15.08 0.0
15.14 0.0
15.2 0.0
15.26 0.0
15.32 0.0
15.379999999999999 0.0
15.44 0.0
15.5 0.0
15.56 0.0
15.62 0.0
15.68 0.0
15.74 0.0
15.8 0.0
15.86 0.0
15.92 0.0
15.98 0.0
16.04 0.0
16.1 0.0
16.16 0.0
16.22 0.0
16.28 0.0
16.34 0.0
16.4 0.0
16.46 0.0
16.52 0.0
16.58 0.0001091703056768559
16.64 0.0001091703056768559
16.7 0.0002183406113537118
16.759999999999998 0.0003275109170305677
16.82 0.0013100436681222707
16.88 0.0007641921397379913
16.94 0.000982532751091703
17.0 0.000982532751091703
17.06 0.0015283842794759825
17.12 0.0026200873362445414
17.18 0.001965065502183406
17.24 0.0026200873362445414
17.3 0.00240174672489083
17.36 0.0025109170305676856
17.42 0.0027292576419213972
17.48 0.0037117903930131003
17.54 0.0026200873362445414
17.6 0.00425764192139738
17.66 0.0027292576419213972
17.72 0.0022925764192139736
17.78 0.003165938864628821
17.84 0.0034934497816593887
17.9 0.0034934497816593887
17.96 0.0022925764192139736
18.02 0.00240174672489083
18.08 0.0026200873362445414
18.14 0.0026200873362445414
18.2 0.0026200873362445414
18.259999999999998 0.004148471615720524
18.32 0.0017467248908296944
18.38 0.0022925764192139736
18.439999999999998 0.00240174672489083
18.5 0.0022925764192139736
18.56 0.0027292576419213972
18.62 0.0017467248908296944
18.68 0.002183406113537118
18.740000000000002 0.002183406113537118
18.8 0.0026200873362445414
18.86 0.0016375545851528383
18.92 0.0017467248908296944
18.98 0.002074235807860262
19.04 0.0018558951965065502
19.1 0.0017467248908296944
19.16 0.0016375545851528383
19.22 0.0018558951965065502
19.28 0.0015283842794759825
19.34 0.0013100436681222707
19.4 0.0015283842794759825
19.46 0.0014192139737991267
19.52 0.001200873362445415
19.58 0.0004366812227074236
19.64 0.0013100436681222707
19.7 0.0007641921397379913
19.759999999999998 0.0002183406113537118
19.82 0.001200873362445415
19.88 0.0013100436681222707
19.939999999999998 0.0005458515283842794
19.999999999999996
