***
16.0
91.0
14.0 0.0 0.0
14.05 0.0 0.0
14.1 0.0 0.0
14.15 0.0 0.0
14.2 0.0 0.0
14.25 0.0 0.0
14.3 0.0 3.1622776601683795e-05
14.35 0.0 0.0
14.4 0.0 0.0
14.45 0.0 0.0
14.5 0.0 0.0
14.55 0.0 9.486832980505138e-05
14.6 0.0 3.1622776601683795e-05
14.65 0.0 3.1622776601683795e-05
14.7 0.0 0.00012649110640673518
14.75 0.0 9.486832980505138e-05
14.8 0.0 9.486832980505138e-05
14.85 0.0 0.00018973665961010276
14.9 0.0 0.00012649110640673518
14.95 0.001 9.486832980505139e-05
15.0 0.002 0.00022135943621178655
15.05 0.0 0.00015811388300841897
15.1 0.0 0.00018973665961010276
15.15 0.001 0.00015811388300841897
15.2 0.001 0.0004427188724235731
15.25 0.003 0.0003794733192202055
15.3 0.005 0.0004427188724235731
15.35 0.004 0.00025298221281347025
15.4 0.008 0.0006640783086353596
15.45 0.001 0.001707629936490925
15.5 0.009 0.00028460498941515423
15.55 0.01 0.00028460498941515423
15.6 0.016 0.0006957010852370432
15.65 0.012 0.002181971585516181
15.7 0.021 0.0017708754896942928
15.75 0.04 0.00022135943621178744
15.8 0.061 0.0006640783086353601
15.85 0.126 0.004016092628413843
15.9 0.227 0.0018341210428976635
15.95 0.452 0.0022768399153212295
16.0 0.0 0.0
16.05 0.0 0.0
16.1 0.0 0.0
16.15 0.0 0.0
16.2 0.0 0.0
16.25 0.0 0.0
16.3 0.0 0.0
16.35 0.0 0.0
16.4 0.0 0.0
16.45 0.0 0.0
16.5 0.0 0.0
16.55 0.0 0.0
16.6 0.0 0.0
16.65 0.0 0.0
16.7 0.0 0.0
16.75 0.0 0.0
16.8 0.0 0.0
16.85 0.0 0.0
16.9 0.0 0.0
16.95 0.0 0.0
17.0 0.0 0.0
17.05 0.0 0.0
17.1 0.0 0.0
17.15 0.0 0.0
17.2 0.0 0.0
17.25 0.0 0.0
17.3 0.0 0.0
17.35 0.0 0.0
17.4 0.0 0.0
17.45 0.0 0.0
17.5 0.0 0.0
17.55 0.0 0.0
17.6 0.0 0.0
17.65 0.0 0.0
17.7 0.0 0.0
17.75 0.0 0.0
17.8 0.0 0.0
17.85 0.0 0.0
17.9 0.0 0.0
17.95 0.0 0.0
18.0 0.0 0.0
18.05 0.0 0.0
18.1 0.0 0.0
18.15 0.0 0.0
18.2 0.0 0.0
18.25 0.0 0.0
18.3 0.0 0.0
18.35 0.0 0.0
18.4 0.0 0.0
18.45 0.0 0.0
18.5 0.0 0.0
18.55 0.0 0.0
18.6 0.0 0.0
18.65 0.0 0.0
18.7 0.0 0.0
18.75 0.0 0.0
18.8 0.0 0.0
18.85 0.0 0.0
18.9 0.0 0.0
18.95 0.0 0.0
19.0
***
16.0
90.66666666666667
14.0 0.0 0.0
14.05 0.0 0.0
14.1 0.0 0.0
14.15 0.0 0.0
14.2 0.0 0.0
14.25 0.0 0.0
14.3 0.0 0.0
14.35 0.0 0.0
14.4 0.0 0.0
14.45 0.0 0.0
14.5 0.0 3.1622776601683795e-05
14.55 0.0 6.324555320336759e-05
14.6 0.0 0.0
14.65 0.0 0.0
14.7 0.0 3.1622776601683795e-05
14.75 0.0 6.324555320336759e-05
14.8 0.001 6.324555320336756e-05
14.85 0.0 0.00012649110640673518
14.9 0.001 0.00018973665961010276
14.95 0.0 0.00012649110640673518
15.0 0.001 0.00018973665961010279
15.05 0.002 0.0004743416490252569
15.1 0.001 0.00015811388300841897
15.15 0.002 6.324555320336756e-05
15.2 0.0 0.0006324555320336759
15.25 0.004 0.0007273238618387272
15.3 0.005 0.00028460498941515423
15.35 0.004 0.0004743416490252569
15.4 0.006 0.00031622776601683794
15.45 0.006 0.00031622776601683794
15.5 0.008 0.00018973665961010268
15.55 0.014 0.001992234925906079
15.6 0.019 0.0018973665961010276
15.65 0.023 0.001486270500279138
15.7 0.029 0.0008854377448471464
15.75 0.034 0.001296533840669036
15.8 0.059 0.0006008327554319915
15.85 0.12 0.003099032106965011
15.9 0.226 0.0057553453415064475
15.95 0.435 0.0030674093303633245
16.0 0.0 0.0
16.05 0.0 0.0
16.1 0.0 0.0
16.15 0.0 0.0
16.2 0.0 0.0
16.25 0.0 0.0
16.3 0.0 0.0
16.35 0.0 0.0
16.4 0.0 0.0
16.45 0.0 0.0
16.5 0.0 0.0
16.55 0.0 0.0
16.6 0.0 0.0
16.65 0.0 0.0
16.7 0.0 0.0
16.75 0.0 0.0
16.8 0.0 0.0
16.85 0.0 0.0
16.9 0.0 0.0
16.95 0.0 0.0
17.0 0.0 0.0
17.05 0.0 0.0
17.1 0.0 0.0
17.15 0.0 0.0
17.2 0.0 0.0
17.25 0.0 0.0
17.3 0.0 0.0
17.35 0.0 0.0
17.4 0.0 0.0
17.45 0.0 0.0
17.5 0.0 0.0
17.55 0.0 0.0
17.6 0.0 0.0
17.65 0.0 0.0
17.7 0.0 0.0
17.75 0.0 0.0
17.8 0.0 0.0
17.85 0.0 0.0
17.9 0.0 0.0
17.95 0.0 0.0
18.0 0.0 0.0
18.05 0.0 0.0
18.1 0.0 0.0
18.15 0.0 0.0
18.2 0.0 0.0
18.25 0.0 0.0
18.3 0.0 0.0
18.35 0.0 0.0
18.4 0.0 0.0
18.45 0.0 0.0
18.5 0.0 0.0
18.55 0.0 0.0
18.6 0.0 0.0
18.65 0.0 0.0
18.7 0.0 0.0
18.75 0.0 0.0
18.8 0.0 0.0
18.85 0.0 0.0
18.9 0.0 0.0
18.95 0.0 0.0
19.0
***
16.0
90.33333333333333
14.0 0.0 0.0
14.05 0.0 0.0
14.1 0.0 0.0
14.15 0.0 0.0
14.2 0.0 0.0
14.25 0.0 0.0
14.3 0.0 0.0
14.35 0.0 3.1622776601683795e-05
14.4 0.0 0.0
14.45 0.0 0.0
14.5 0.0 0.0
14.55 0.0 3.1622776601683795e-05
14.6 0.0 0.0
14.65 0.0 9.486832980505138e-05
14.7 0.0 6.324555320336759e-05
14.75 0.0 6.324555320336759e-05
14.8 0.0 0.00015811388300841897
14.85 0.0 0.00012649110640673518
14.9 0.0 0.00015811388300841897
14.95 0.0 9.486832980505138e-05
15.0 0.0 3.1622776601683795e-05
15.05 0.0 0.00022135943621178655
15.1 0.0 0.0002846049894151542
15.15 0.002 3.162277660168382e-05
15.2 0.003 0.0002213594362117866
15.25 0.002 0.00015811388300841897
15.3 0.002 0.0005375872022286245
15.35 0.005 0.00037947331922020557
15.4 0.005 6.324555320336764e-05
15.45 0.006 9.486832980505134e-05
15.5 0.009 0.0004110960958218893
15.55 0.007 0.0004427188724235732
15.6 0.011 0.0003478505426185216
15.65 0.023 0.0013914021704740864
15.7 0.024 0.0006008327554319915
15.75 0.035 0.0013281566172707203
15.8 0.071 0.0035733737559902677
15.85 0.122 0.00493315314986267
15.9 0.227 0.0037947331922020553
15.95 0.445 0.0037947331922020553
16.0 0.0 0.0
16.05 0.0 0.0
16.1 0.0 0.0
16.15 0.0 0.0
16.2 0.0 0.0
16.25 0.0 0.0
16.3 0.0 0.0
16.35 0.0 0.0
16.4 0.0 0.0
16.45 0.0 0.0
16.5 0.0 0.0
16.55 0.0 0.0
16.6 0.0 0.0
16.65 0.0 0.0
16.7 0.0 0.0
16.75 0.0 0.0
16.8 0.0 0.0
16.85 0.0 0.0
16.9 0.0 0.0
16.95 0.0 0.0
17.0 0.0 0.0
17.05 0.0 0.0
17.1 0.0 0.0
17.15 0.0 0.0
17.2 0.0 0.0
17.25 0.0 0.0
17.3 0.0 0.0
17.35 0.0 0.0
17.4 0.0 0.0
17.45 0.0 0.0
17.5 0.0 0.0
17.55 0.0 0.0
17.6 0.0 0.0
17.65 0.0 0.0
17.7 0.0 0.0
17.75 0.0 0.0
17.8 0.0 0.0
17.85 0.0 0.0
17.9 0.0 0.0
17.95 0.0 0.0
18.0 0.0 0.0
18.05 0.0 0.0
18.1 0.0 0.0
18.15 0.0 0.0
18.2 0.0 0.0
18.25 0.0 0.0
18.3 0.0 0.0
18.35 0.0 0.0
18.4 0.0 0.0
18.45 0.0 0.0
18.5 0.0 0.0
18.55 0.0 0.0
18.6 0.0 0.0
18.65 0.0 0.0
18.7 0.0 0.0
18.75 0.0 0.0
18.8 0.0 0.0
18.85 0.0 0.0
18.9 0.0 0.0
18.95 0.0 0.0
19.0
***
16.333333333333332
91.0
14.0 0.0 0.0
14.05 0.0 0.0
14.1 0.0 0.0
14.15 0.0 0.0
14.2 0.0 0.0
14.25 0.0 0.0
14.3 0.0 0.0
14.35 0.0 3.1622776601683795e-05
14.4 0.0 0.0
14.45 0.0 0.0
14.5 0.0 3.1622776601683795e-05
14.55 0.0 3.1622776601683795e-05
14.6 0.0 0.0
14.65 0.002 0.0004743416490252569
14.7 0.0 9.486832980505138e-05
14.75 0.002 0.0004427188724235731
14.8 0.0 0.00018973665961010276
14.85 0.002 0.0003794733192202055
14.9 0.0 0.00015811388300841897
14.95 0.0 9.486832980505138e-05
15.0 0.001 0.0
15.05 0.0 6.324555320336759e-05
15.1 0.0 0.00012649110640673518
15.15 0.001 6.324555320336756e-05
15.2 0.0 0.0006324555320336759
15.25 0.003 0.0003794733192202055
15.3 0.0 0.0011067971810589327
15.35 0.002 0.0007905694150420948
15.4 0.006 0.00018973665961010268
15.45 0.007 0.00015811388300841897
15.5 0.014 0.0016127616066858735
15.55 0.009 0.0005375872022286245
15.6 0.015 0.0005375872022286242
15.65 0.017 0.00037947331922020535
15.7 0.032 0.0013281566172707192
15.75 0.032 0.0018024982662959773
15.8 0.068 0.00224521713871955
15.85 0.099 0.0022452171387195474
15.9 0.236 0.0005375872022286209
15.95 0.452 0.00018973665961010997
16.0 0.0 0.0
16.05 0.0 0.0
16.1 0.0 0.0
16.15 0.0 0.0
16.2 0.0 0.0
16.25 0.0 0.0
16.3 0.0 0.0
16.35 0.0 0.0
16.4 0.0 0.0
16.45 0.0 0.0
16.5 0.0 0.0
16.55 0.0 0.0
16.6 0.0 0.0
16.65 0.0 0.0
16.7 0.0 0.0
16.75 0.0 0.0
16.8 0.0 0.0
16.85 0.0 0.0
16.9 0.0 0.0
16.95 0.0 0.0
17.0 0.0 0.0
17.05 0.0 0.0
17.1 0.0 0.0
17.15 0.0 0.0
17.2 0.0 0.0
17.25 0.0 0.0
17.3 0.0 0.0
17.35 0.0 0.0
17.4 0.0 0.0
17.45 0.0 0.0
17.5 0.0 0.0
17.55 0.0 0.0
17.6 0.0 0.0
17.65 0.0 0.0
17.7 0.0 0.0
17.75 0.0 0.0
17.8 0.0 0.0
17.85 0.0 0.0
17.9 0.0 0.0
17.95 0.0 0.0
18.0 0.0 0.0
18.05 0.0 0.0
18.1 0.0 0.0
18.15 0.0 0.0
18.2 0.0 0.0
18.25 0.0 0.0
18.3 0.0 0.0
18.35 0.0 0.0
18.4 0.0 0.0
18.45 0.0 0.0
18.5 0.0 0.0
18.55 0.0 0.0
18.6 0.0 0.0
18.65 0.0 0.0
18.7 0.0 0.0
18.75 0.0 0.0
18.8 0.0 0.0
18.85 0.0 0.0
18.9 0.0 0.0
18.95 0.0 0.0
19.0
***
16.333333333333332
90.66666666666667
14.0 0.0 0.0
14.05 0.0 3.1622776601683795e-05
14.1 0.0 0.0
14.15 0.0 0.0
14.2 0.0 0.0
14.25 0.0 0.0
14.3 0.0 0.0
14.35 0.0 3.1622776601683795e-05
14.4 0.0 0.0
14.45 0.0 3.1622776601683795e-05
14.5 0.0 0.0
14.55 0.0 3.1622776601683795e-05
14.6 0.0 0.0
14.65 0.0 9.486832980505138e-05
14.7 0.0 0.0
14.75 0.0 9.486832980505138e-05
14.8 0.0 0.00015811388300841897
14.85 0.002 0.0003794733192202055
14.9 0.0 0.00015811388300841897
14.95 0.0 0.00015811388300841897
15.0 0.004 0.0007905694150420948
15.05 0.0 0.00015811388300841897
15.1 0.0 0.00012649110640673518
15.15 0.004 0.0008538149682454625
15.2 0.003 3.162277660168382e-05
15.25 0.003 0.00041109609582188933
15.3 0.003 0.00015811388300841897
15.35 0.002 0.0006957010852370435
15.4 0.008 0.0008854377448471462
15.45 0.008 0.0008221921916437786
15.5 0.009 0.0005375872022286245
15.55 0.004 0.0006324555320336759
15.6 0.018 0.0005692099788303085
15.65 0.011 0.0017708754896942928
15.7 0.025 0.0005059644256269412
15.75 0.044 0.0005375872022286253
15.8 0.049 0.00325714598997343
15.85 0.109 0.002466576574931335
15.9 0.261 0.009044114108081563
15.95 0.432 0.004585302607244149
16.0 0.0 0.0
16.05 0.0 0.0
16.1 0.0 0.0
16.15 0.0 0.0
16.2 0.0 0.0
16.25 0.0 0.0
16.3 0.0 0.0
16.35 0.0 0.0
16.4 0.0 0.0
16.45 0.0 0.0
16.5 0.0 0.0
16.55 0.0 0.0
16.6 0.0 0.0
16.65 0.0 0.0
16.7 0.0 0.0
16.75 0.0 0.0
16.8 0.0 0.0
16.85 0.0 0.0
16.9 0.0 0.0
16.95 0.0 0.0
17.0 0.0 0.0
17.05 0.0 0.0
17.1 0.0 0.0
17.15 0.0 0.0
17.2 0.0 0.0
17.25 0.0 0.0
17.3 0.0 0.0
17.35 0.0 0.0
17.4 0.0 0.0
17.45 0.0 0.0
17.5 0.0 0.0
17.55 0.0 0.0
17.6 0.0 0.0
17.65 0.0 0.0
17.7 0.0 0.0
17.75 0.0 0.0
17.8 0.0 0.0
17.85 0.0 0.0
17.9 0.0 0.0
17.95 0.0 0.0
18.0 0.0 0.0
18.05 0.0 0.0
18.1 0.0 0.0
18.15 0.0 0.0
18.2 0.0 0.0
18.25 0.0 0.0
18.3 0.0 0.0
18.35 0.0 0.0
18.4 0.0 0.0
18.45 0.0 0.0
18.5 0.0 0.0
18.55 0.0 0.0
18.6 0.0 0.0
18.65 0.0 0.0
18.7 0.0 0.0
18.75 0.0 0.0
18.8 0.0 0.0
18.85 0.0 0.0
18.9 0.0 0.0
18.95 0.0 0.0
19.0
***
16.333333333333332
90.33333333333333
14.0 0.0 0.0
14.05 0.0 3.1622776601683795e-05
14.1 0.0 0.0
14.15 0.0 0.0
14.2 0.0 0.0
14.25 0.0 0.0
14.3 0.0 0.0
14.35 0.0 0.0
14.4 0.0 0.0
14.45 0.0 0.0
14.5 0.0 0.0
14.55 0.0 0.0
14.6 0.0 0.0
14.65 0.0 6.324555320336759e-05
14.7 0.001 0.00018973665961010276
14.75 0.0 6.324555320336759e-05
14.8 0.0 6.324555320336759e-05
14.85 0.001 0.0
14.9 0.0 0.00015811388300841897
14.95 0.0 0.00015811388300841897
15.0 0.0 0.00022135943621178655
15.05 0.001 0.00012649110640673518
15.1 0.0 9.486832980505138e-05
15.15 0.002 0.00018973665961010279
15.2 0.0 0.0005375872022286244
15.25 0.002 9.486832980505134e-05
15.3 0.003 0.0002846049894151541
15.35 0.001 0.0008854377448471462
15.4 0.004 0.00031622776601683794
15.45 0.005 0.00031622776601683794
15.5 0.003 0.0009486832980505138
15.55 0.005 0.00028460498941515423
15.6 0.013 0.0008221921916437786
15.65 0.02 0.00018973665961010322
15.7 0.022 0.0007273238618387275
15.75 0.053 0.0028460498941515417
15.8 0.057 0.0006640783086353601
15.85 0.12 0.0028144271175498596
15.9 0.25 0.0032887687665751164
15.95 0.437 0.004205829288023948
16.0 0.0 0.0
16.05 0.0 0.0
16.1 0.0 0.0
16.15 0.0 0.0
16.2 0.0 0.0
16.25 0.0 0.0
16.3 0.0 0.0
16.35 0.0 0.0
16.4 0.0 0.0
16.45 0.0 0.0
16.5 0.0 0.0
16.55 0.0 0.0
16.6 0.0 0.0
16.65 0.0 0.0
16.7 0.0 0.0
16.75 0.0 0.0
16.8 0.0 0.0
16.85 0.0 0.0
16.9 0.0 0.0
16.95 0.0 0.0
17.0 0.0 0.0
17.05 0.0 0.0
17.1 0.0 0.0
17.15 0.0 0.0
17.2 0.0 0.0
17.25 0.0 0.0
17.3 0.0 0.0
17.35 0.0 0.0
17.4 0.0 0.0
17.45 0.0 0.0
17.5 0.0 0.0
17.55 0.0 0.0
17.6 0.0 0.0
17.65 0.0 0.0
17.7 0.0 0.0
17.75 0.0 0.0
17.8 0.0 0.0
17.85 0.0 0.0
17.9 0.0 0.0
17.95 0.0 0.0
18.0 0.0 0.0
18.05 0.0 0.0
18.1 0.0 0.0
18.15 0.0 0.0
18.2 0.0 0.0
18.25 0.0 0.0
18.3 0.0 0.0
18.35 0.0 0.0
18.4 0.0 0.0
18.45 0.0 0.0
18.5 0.0 0.0
18.55 0.0 0.0
18.6 0.0 0.0
18.65 0.0 0.0
18.7 0.0 0.0
18.75 0.0 0.0
18.8 0.0 0.0
18.85 0.0 0.0
18.9 0.0 0.0
18.95 0.0 0.0
19.0
***
16.666666666666668
91.0
14.0 0.0 0.0
14.05 0.0 0.0
14.1 0.0 0.0
14.15 0.0 3.1622776601683795e-05
14.2 0.0 0.0
14.25 0.0 3.1622776601683795e-05
14.3 0.0 0.0
14.35 0.0 0.0
14.4 0.0 0.0
14.45 0.0 0.0
14.5 0.0 0.0
14.55 0.001 0.0002846049894151542
14.6 0.0 3.1622776601683795e-05
14.65 0.0 3.1622776601683795e-05
14.7 0.001 0.00025298221281347036
14.75 0.0 3.1622776601683795e-05
14.8 0.0 0.00015811388300841897
14.85 0.0 0.00031622776601683794
14.9 0.001 0.00012649110640673518
14.95 0.0 0.00012649110640673518
15.0 0.0 0.00025298221281347036
15.05 0.002 0.0004427188724235731
15.1 0.0 0.00015811388300841897
15.15 0.002 0.0
15.2 0.003 0.00031622776601683794
15.25 0.002 0.00015811388300841897
15.3 0.001 0.0007273238618387272
15.35 0.004 0.0004743416490252569
15.4 0.01 0.0012965338406690354
15.45 0.012 0.0017708754896942924
15.5 0.005 0.0012649110640673518
15.55 0.011 0.0009170605214488301
15.6 0.013 0.0005692099788303085
15.65 0.022 0.0015495160534825054
15.7 0.023 0.0013597793938724034
15.75 0.051 0.0022135943621178654
15.8 0.058 0.00018973665961010322
15.85 0.112 0.00037947331922020644
15.9 0.233 0.002403331021727966
15.95 0.433 0.0019289893727027186
16.0 0.0 0.0
16.05 0.0 0.0
16.1 0.0 0.0
16.15 0.0 0.0
16.2 0.0 0.0
16.25 0.0 0.0
16.3 0.0 0.0
16.35 0.0 0.0
16.4 0.0 0.0
16.45 0.0 0.0
16.5 0.0 0.0
16.55 0.0 0.0
16.6 0.0 0.0
16.65 0.0 0.0
16.7 0.0 0.0
16.75 0.0 0.0
16.8 0.0 0.0
16.85 0.0 0.0
16.9 0.0 0.0
16.95 0.0 0.0
17.0 0.0 0.0
17.05 0.0 0.0
17.1 0.0 0.0
17.15 0.0 0.0
17.2 0.0 0.0
17.25 0.0 0.0
17.3 0.0 0.0
17.35 0.0 0.0
17.4 0.0 0.0
17.45 0.0 0.0
17.5 0.0 0.0
17.55 0.0 0.0
17.6 0.0 0.0
17.65 0.0 0.0
17.7 0.0 0.0
17.75 0.0 0.0
17.8 0.0 0.0
17.85 0.0 0.0
17.9 0.0 0.0
17.95 0.0 0.0
18.0 0.0 0.0
18.05 0.0 0.0
18.1 0.0 0.0
18.15 0.0 0.0
18.2 0.0 0.0
18.25 0.0 0.0
18.3 0.0 0.0
18.35 0.0 0.0
18.4 0.0 0.0
18.45 0.0 0.0
18.5 0.0 0.0
18.55 0.0 0.0
18.6 0.0 0.0
18.65 0.0 0.0
18.7 0.0 0.0
18.75 0.0 0.0
18.8 0.0 0.0
18.85 0.0 0.0
18.9 0.0 0.0
18.95 0.0 0.0
19.0
***
16.666666666666668
90.66666666666667
14.0 0.0 0.0
14.05 0.0 0.0
14.1 0.0 0.0
14.15 0.0 0.0
14.2 0.0 0.0
14.25 0.0 0.0
14.3 0.0 0.0
14.35 0.0 3.1622776601683795e-05
14.4 0.0 0.0
14.45 0.0 0.0
14.5 0.0 3.1622776601683795e-05
14.55 0.0 0.0
14.6 0.0 0.0
14.65 0.0 3.1622776601683795e-05
14.7 0.0 3.1622776601683795e-05
14.75 0.0 3.1622776601683795e-05
14.8 0.0 6.324555320336759e-05
14.85 0.0 0.00034785054261852176
14.9 0.001 0.00012649110640673518
14.95 0.0 0.00022135943621178655
15.0 0.001 0.00012649110640673513
15.05 0.003 0.000758946638440411
15.1 0.0 6.324555320336759e-05
15.15 0.002 0.00018973665961010279
15.2 0.002 3.162277660168382e-05
15.25 0.002 0.0003794733192202055
15.3 0.003 0.00037947331922020557
15.35 0.01 0.0020554804791094467
15.4 0.007 0.0002213594362117866
15.45 0.006 0.0001264911064067353
15.5 0.006 0.0004743416490252569
15.55 0.006 0.0004743416490252569
15.6 0.013 0.0006640783086353596
15.65 0.022 0.0014230249470757708
15.7 0.028 0.001011928851253881
15.75 0.042 0.0007589466384404107
15.8 0.057 0.0006957010852370444
15.85 0.083 0.00793731692702263
15.9 0.238 0.0025930676813380672
15.95 0.468 0.00932871909749672
16.0 0.0 0.0
16.05 0.0 0.0
16.1 0.0 0.0
16.15 0.0 0.0
16.2 0.0 0.0
16.25 0.0 0.0
16.3 0.0 0.0
16.35 0.0 0.0
16.4 0.0 0.0
16.45 0.0 0.0
16.5 0.0 0.0
16.55 0.0 0.0
16.6 0.0 0.0
16.65 0.0 0.0
16.7 0.0 0.0
16.75 0.0 0.0
16.8 0.0 0.0
16.85 0.0 0.0
16.9 0.0 0.0
16.95 0.0 0.0
17.0 0.0 0.0
17.05 0.0 0.0
17.1 0.0 0.0
17.15 0.0 0.0
17.2 0.0 0.0
17.25 0.0 0.0
17.3 0.0 0.0
17.35 0.0 0.0
17.4 0.0 0.0
17.45 0.0 0.0
17.5 0.0 0.0
17.55 0.0 0.0
17.6 0.0 0.0
17.65 0.0 0.0
17.7 0.0 0.0
17.75 0.0 0.0
17.8 0.0 0.0
17.85 0.0 0.0
17.9 0.0 0.0
17.95 0.0 0.0
18.0 0.0 0.0
18.05 0.0 0.0
18.1 0.0 0.0
18.15 0.0 0.0
18.2 0.0 0.0
18.25 0.0 0.0
18.3 0.0 0.0
18.35 0.0 0.0
18.4 0.0 0.0
18.45 0.0 0.0
18.5 0.0 0.0
18.55 0.0 0.0
18.6 0.0 0.0
18.65 0.0 0.0
18.7 0.0 0.0
18.75 0.0 0.0
18.8 0.0 0.0
18.85 0.0 0.0
18.9 0.0 0.0
18.95 0.0 0.0
19.0
***
16.666666666666668
90.33333333333333
14.0 0.0 0.0
14.05 0.0 6.324555320336759e-05
14.1 0.0 0.0
14.15 0.0 0.0
14.2 0.0 0.0
14.25 0.0 0.0
14.3 0.0 3.1622776601683795e-05
14.35 0.0 0.0
14.4 0.0 0.0
14.45 0.0 0.0
14.5 0.0 6.324555320336759e-05
14.55 0.0 0.0
14.6 0.0 0.0
14.65 0.0 6.324555320336759e-05
14.7 0.001 0.00022135943621178655
14.75 0.0 6.324555320336759e-05
14.8 0.001 0.00025298221281347036
14.85 0.001 0.00022135943621178655
14.9 0.001 0.00025298221281347036
14.95 0.0 0.00022135943621178655
15.0 0.002 0.0003794733192202055
15.05 0.0 0.00018973665961010276
15.1 0.0 0.0002846049894151542
15.15 0.002 6.324555320336764e-05
15.2 0.0 0.0007273238618387272
15.25 0.003 0.0004743416490252569
15.3 0.002 0.00018973665961010279
15.35 0.008 0.001075174404457249
15.4 0.007 0.00018973665961010268
15.45 0.006 0.0002213594362117866
15.5 0.007 0.00037947331922020535
15.55 0.008 0.0001264911064067353
15.6 0.007 0.001391402170474087
15.65 0.021 0.0006008327554319915
15.7 0.028 0.0002846049894151537
15.75 0.026 0.004079338181617209
15.8 0.066 0.0026879360111431226
15.85 0.095 0.004047715405015524
15.9 0.25 0.004047715405015529
15.95 0.458 0.0013281566172707157
16.0 0.0 0.0
16.05 0.0 0.0
16.1 0.0 0.0
16.15 0.0 0.0
16.2 0.0 0.0
16.25 0.0 0.0
16.3 0.0 0.0
16.35 0.0 0.0
16.4 0.0 0.0
16.45 0.0 0.0
16.5 0.0 0.0
16.55 0.0 0.0
16.6 0.0 0.0
16.65 0.0 0.0
16.7 0.0 0.0
16.75 0.0 0.0
16.8 0.0 0.0
16.85 0.0 0.0
16.9 0.0 0.0
16.95 0.0 0.0
17.0 0.0 0.0
17.05 0.0 0.0
17.1 0.0 0.0
17.15 0.0 0.0
17.2 0.0 0.0
17.25 0.0 0.0
17.3 0.0 0.0
17.35 0.0 0.0
17.4 0.0 0.0
17.45 0.0 0.0
17.5 0.0 0.0
17.55 0.0 0.0
17.6 0.0 0.0
17.65 0.0 0.0
17.7 0.0 0.0
17.75 0.0 0.0
17.8 0.0 0.0
17.85 0.0 0.0
17.9 0.0 0.0
17.95 0.0 0.0
18.0 0.0 0.0
18.05 0.0 0.0
18.1 0.0 0.0
18.15 0.0 0.0
18.2 0.0 0.0
18.25 0.0 0.0
18.3 0.0 0.0
18.35 0.0 0.0
18.4 0.0 0.0
18.45 0.0 0.0
18.5 0.0 0.0
18.55 0.0 0.0
18.6 0.0 0.0
18.65 0.0 0.0
18.7 0.0 0.0
18.75 0.0 0.0
18.8 0.0 0.0
18.85 0.0 0.0
18.9 0.0 0.0
18.95 0.0 0.0
19.0
***
17.0
91.0
14.0 0.0 0.0
14.05 0.0 0.0
14.1 0.0 0.0
14.15 0.0 0.0
14.2 0.0 0.0
14.25 0.0 0.0
14.3 0.0 0.0
14.35 0.0 0.0
14.4 0.0 0.0
14.45 0.0 0.0
14.5 0.0 0.0
14.55 0.0 0.0
14.6 0.0 0.0
14.65 0.0 0.0
14.7 0.0 0.0
14.75 0.0 0.0
14.8 0.0 0.0
14.85 0.0 0.0
14.9 0.0 0.0
14.95 0.0 9.486832980505138e-05
15.0 0.0 6.324555320336759e-05
15.05 0.0 0.0
15.1 0.0 0.0
15.15 0.0 0.0
15.2 0.0 0.0
15.25 0.0 3.1622776601683795e-05
15.3 0.0 0.0
15.35 0.001 0.0002846049894151542
15.4 0.001 0.00022135943621178655
15.45 0.0 6.324555320336759e-05
15.5 0.0 3.1622776601683795e-05
15.55 0.0 0.0
15.6 0.0 3.1622776601683795e-05
15.65 0.002 0.0004743416490252569
15.7 0.0 0.00012649110640673518
15.75 0.002 0.0004743416490252569
15.8 0.0 0.00012649110640673518
15.85 0.0 0.00022135943621178655
15.9 0.0 0.00025298221281347036
15.95 0.002 6.324555320336756e-05
16.0 0.002 3.162277660168382e-05
16.05 0.002 0.00015811388300841897
16.1 0.003 0.0002846049894151541
16.15 0.002 0.00018973665961010279
16.2 0.002 0.0005692099788303082
16.25 0.007 0.0005059644256269405
16.3 0.012 0.001359779393872403
16.35 0.018 0.001960612149304395
16.4 0.017 0.0013597793938724034
16.45 0.011 0.003099032106965012
16.5 0.031 9.486832980505161e-05
16.55 0.052 0.002466576574931335
16.6 0.057 0.0014230249470757708
16.65 0.089 0.0030041637771599603
16.7 0.091 0.0020554804791094467
16.75 0.108 0.003921224298608792
16.8 0.138 0.0026879360111431226
16.85 0.12 0.005597231458498028
16.9 0.15 0.0046485481604475135
16.95 0.08 0.0021819715855161833
17.0 0.0 0.0
17.05 0.0 0.0
17.1 0.0 0.0
17.15 0.0 0.0
17.2 0.0 0.0
17.25 0.0 0.0
17.3 0.0 0.0
17.35 0.0 0.0
17.4 0.0 0.0
17.45 0.0 0.0
17.5 0.0 0.0
17.55 0.0 0.0
17.6 0.0 0.0
17.65 0.0 0.0
17.7 0.0 0.0
17.75 0.0 0.0
17.8 0.0 0.0
17.85 0.0 0.0
17.9 0.0 0.0
17.95 0.0 0.0
18.0 0.0 0.0
18.05 0.0 0.0
18.1 0.0 0.0
18.15 0.0 0.0
18.2 0.0 0.0
18.25 0.0 0.0
18.3 0.0 0.0
18.35 0.0 0.0
18.4 0.0 0.0
18.45 0.0 0.0
18.5 0.0 0.0
18.55 0.0 0.0
18.6 0.0 0.0
18.65 0.0 0.0
18.7 0.0 0.0
18.75 0.0 0.0
18.8 0.0 0.0
18.85 0.0 0.0
18.9 0.0 0.0
18.95 0.0 0.0
19.0
***
17.0
90.66666666666667
14.0 0.0 0.0
14.05 0.0 0.0
14.1 0.0 0.0
14.15 0.0 0.0
14.2 0.0 0.0
14.25 0.0 0.0
14.3 0.0 0.0
14.35 0.0 0.0
14.4 0.0 0.0
14.45 0.0 0.0
14.5 0.0 0.0
14.55 0.0 0.0
14.6 0.0 0.0
14.65 0.0 0.0
14.7 0.0 0.0
14.75 0.0 0.0
14.8 0.0 0.0
14.85 0.0 0.0
14.9 0.0 0.0
14.95 0.0 0.0
15.0 0.0 0.0
15.05 0.0 0.0
15.1 0.0 0.0
15.15 0.0 9.486832980505138e-05
15.2 0.0 0.0
15.25 0.0 0.0
15.3 0.0 0.0
15.35 0.001 0.0002846049894151542
15.4 0.001 0.00025298221281347036
15.45 0.0 0.0
15.5 0.0 0.0
15.55 0.0 3.1622776601683795e-05
15.6 0.0 3.1622776601683795e-05
15.65 0.0 0.00015811388300841897
15.7 0.0 9.486832980505138e-05
15.75 0.0 3.1622776601683795e-05
15.8 0.0 0.0
15.85 0.001 0.00018973665961010276
15.9 0.002 0.0002846049894151541
15.95 0.001 9.486832980505139e-05
16.0 0.0 0.00041109609582188933
16.05 0.003 0.0003794733192202055
16.1 0.0 0.000758946638440411
16.15 0.003 0.00012649110640673513
16.2 0.002 0.0006324555320336759
16.25 0.003 0.0006324555320336759
16.3 0.005 0.00028460498941515423
16.35 0.009 0.0004427188724235732
16.4 0.012 0.0006008327554319921
16.45 0.022 0.0004743416490252569
16.5 0.027 0.0011700427342623
16.55 0.041 0.0010751744044572484
16.6 0.057 0.0009486832980505138
16.65 0.068 0.002751181564346491
16.7 0.11 0.002308462691922916
16.75 0.134 0.004585302607244149
16.8 0.131 0.0008854377448471498
16.85 0.144 0.0017076299364909267
16.9 0.135 0.0006957010852370399
16.95 0.088 0.0009170605214488317
17.0 0.0 0.0
17.05 0.0 0.0
17.1 0.0 0.0
17.15 0.0 0.0
17.2 0.0 0.0
17.25 0.0 0.0
17.3 0.0 0.0
17.35 0.0 0.0
17.4 0.0 0.0
17.45 0.0 0.0
17.5 0.0 0.0
17.55 0.0 0.0
17.6 0.0 0.0
17.65 0.0 0.0
17.7 0.0 0.0
17.75 0.0 0.0
17.8 0.0 0.0
17.85 0.0 0.0
17.9 0.0 0.0
17.95 0.0 0.0
18.0 0.0 0.0
18.05 0.0 0.0
18.1 0.0 0.0
18.15 0.0 0.0
18.2 0.0 0.0
18.25 0.0 0.0
18.3 0.0 0.0
18.35 0.0 0.0
18.4 0.0 0.0
18.45 0.0 0.0
18.5 0.0 0.0
18.55 0.0 0.0
18.6 0.0 0.0
18.65 0.0 0.0
18.7 0.0 0.0
18.75 0.0 0.0
18.8 0.0 0.0
18.85 0.0 0.0
18.9 0.0 0.0
18.95 0.0 0.0
19.0
***
17.0
90.33333333333333
14.0 0.0 0.0
14.05 0.0 0.0
14.1 0.0 0.0
14.15 0.0 0.0
14.2 0.0 0.0
14.25 0.0 0.0
14.3 0.0 0.0
14.35 0.0 0.0
14.4 0.0 0.0
14.45 0.0 0.0
14.5 0.0 0.0
14.55 0.0 0.0
14.6 0.0 0.0
14.65 0.0 0.0
14.7 0.0 0.0
14.75 0.0 0.0
14.8 0.0 3.1622776601683795e-05
14.85 0.0 0.0
14.9 0.0 0.0
14.95 0.0 0.0
15.0 0.0 0.0
15.05 0.0 0.0
15.1 0.0 0.0
15.15 0.0 3.1622776601683795e-05
15.2 0.0 0.0
15.25 0.0 0.0
15.3 0.0 0.0
15.35 0.0 0.0
15.4 0.0 3.1622776601683795e-05
15.45 0.0 3.1622776601683795e-05
15.5 0.0 6.324555320336759e-05
15.55 0.0 9.486832980505138e-05
15.6 0.0 0.0
15.65 0.0 3.1622776601683795e-05
15.7 0.0 0.00012649110640673518
15.75 0.0 0.0
15.8 0.0 3.1622776601683795e-05
15.85 0.001 0.00012649110640673518
15.9 0.0 0.00041109609582188933
15.95 0.0 0.00031622776601683794
16.0 0.0 0.00015811388300841897
16.05 0.0 0.00031622776601683794
16.1 0.002 0.00012649110640673513
16.15 0.003 0.00018973665961010279
16.2 0.002 0.0004427188724235731
16.25 0.004 3.162277660168368e-05
16.3 0.005 0.0005375872022286245
16.35 0.008 0.0008854377448471464
16.4 0.011 0.0004743416490252569
16.45 0.026 0.0017076299364909245
16.5 0.031 0.00037947331922020535
16.55 0.054 0.0034468826495835333
16.6 0.064 0.001138419957660617
16.65 0.069 0.0024981993515330214
16.7 0.093 0.0006957010852370444
16.75 0.12 0.0016127616066858716
16.8 0.128 0.0015495160534825076
16.85 0.142 0.0006008327554319939
16.9 0.139 0.0007905694150420948
16.95 0.098 0.0017392527130926086
17.0 0.0 0.0
17.05 0.0 0.0
17.1 0.0 0.0
17.15 0.0 0.0
17.2 0.0 0.0
17.25 0.0 0.0
17.3 0.0 0.0
17.35 0.0 0.0
17.4 0.0 0.0
17.45 0.0 0.0
17.5 0.0 0.0
17.55 0.0 0.0
17.6 0.0 0.0
17.65 0.0 0.0
17.7 0.0 0.0
17.75 0.0 0.0
17.8 0.0 0.0
17.85 0.0 0.0
17.9 0.0 0.0
17.95 0.0 0.0
18.0 0.0 0.0
18.05 0.0 0.0
18.1 0.0 0.0
18.15 0.0 0.0
18.2 0.0 0.0
18.25 0.0 0.0
18.3 0.0 0.0
18.35 0.0 0.0
18.4 0.0 0.0
18.45 0.0 0.0
18.5 0.0 0.0
18.55 0.0 0.0
18.6 0.0 0.0
18.65 0.0 0.0
18.7 0.0 0.0
18.75 0.0 0.0
18.8 0.0 0.0
18.85 0.0 0.0
18.9 0.0 0.0
18.95 0.0 0.0
19.0
***
17.333333333333332
91.0
14.0 0.0 0.0
14.05 0.0 0.0
14.1 0.0 0.0
14.15 0.0 0.0
14.2 0.0 0.0
14.25 0.0 0.0
14.3 0.0 0.0
14.35 0.0 0.0
14.4 0.0 0.0
14.45 0.0 0.0
14.5 0.0 0.0
14.55 0.0 0.0
14.6 0.0 0.0
14.65 0.0 0.0
14.7 0.0 0.0
14.75 0.0 0.0
14.8 0.0 0.0
14.85 0.0 0.0
14.9 0.0 0.0
14.95 0.0 0.0
15.0 0.0 3.1622776601683795e-05
15.05 0.0 0.0
15.1 0.0 0.0
15.15 0.0 3.1622776601683795e-05
15.2 0.0 0.0
15.25 0.0 6.324555320336759e-05
15.3 0.001 0.0002846049894151542
15.35 0.0 0.00012649110640673518
15.4 0.0 6.324555320336759e-05
15.45 0.0 6.324555320336759e-05
15.5 0.001 0.00025298221281347036
15.55 0.0 3.1622776601683795e-05
15.6 0.0 3.1622776601683795e-05
15.65 0.0 3.1622776601683795e-05
15.7 0.0 9.486832980505138e-05
15.75 0.0 6.324555320336759e-05
15.8 0.0 0.00018973665961010276
15.85 0.001 0.00018973665961010276
15.9 0.0 0.00031622776601683794
15.95 0.0 0.00031622776601683794
16.0 0.001 3.162277660168382e-05
16.05 0.002 6.324555320336764e-05
16.1 0.003 0.0002846049894151541
16.15 0.004 0.00018973665961010279
16.2 0.006 0.0008221921916437787
16.25 0.006 0.0003478505426185216
16.3 0.004 0.0004110960958218893
16.35 0.017 0.0015178932768808223
16.4 0.01 0.0011384199576606165
16.45 0.022 0.00018973665961010322
16.5 0.022 0.00275118156434649
16.55 0.044 0.00025298221281346944
16.6 0.072 0.004458811500837415
16.65 0.076 3.162277660168199e-05
16.7 0.087 0.0022452171387195474
16.75 0.102 0.004395565947634049
16.8 0.141 0.0025298221281347035
16.85 0.15 0.0030674093303633245
16.9 0.132 0.0023084626919229203
16.95 0.096 0.0010119288512538823
17.0 0.0 0.0
17.05 0.0 0.0
17.1 0.0 0.0
17.15 0.0 0.0
17.2 0.0 0.0
17.25 0.0 0.0
17.3 0.0 0.0
17.35 0.0 0.0
17.4 0.0 0.0
17.45 0.0 0.0
17.5 0.0 0.0
17.55 0.0 0.0
17.6 0.0 0.0
17.65 0.0 0.0
17.7 0.0 0.0
17.75 0.0 0.0
17.8 0.0 0.0
17.85 0.0 0.0
17.9 0.0 0.0
17.95 0.0 0.0
18.0 0.0 0.0
18.05 0.0 0.0
18.1 0.0 0.0
18.15 0.0 0.0
18.2 0.0 0.0
18.25 0.0 0.0
18.3 0.0 0.0
18.35 0.0 0.0
18.4 0.0 0.0
18.45 0.0 0.0
18.5 0.0 0.0
18.55 0.0 0.0
18.6 0.0 0.0
18.65 0.0 0.0
18.7 0.0 0.0
18.75 0.0 0.0
18.8 0.0 0.0
18.85 0.0 0.0
18.9 0.0 0.0
18.95 0.0 0.0
19.0
***
17.333333333333332
90.66666666666667
14.0 0.0 0.0
14.05 0.0 0.0
14.1 0.0 0.0
14.15 0.0 0.0
14.2 0.0 0.0
14.25 0.0 0.0
14.3 0.0 0.0
14.35 0.0 0.0
14.4 0.0 0.0
14.45 0.0 0.0
14.5 0.0 0.0
14.55 0.0 0.0
14.6 0.0 0.0
14.65 0.0 0.0
14.7 0.0 0.0
14.75 0.0 0.0
14.8 0.0 0.0
14.85 0.0 0.0
14.9 0.0 0.0
14.95 0.0 0.0
15.0 0.0 0.0
15.05 0.0 0.0
15.1 0.0 0.0
15.15 0.0 0.0
15.2 0.0 6.324555320336759e-05
15.25 0.0 3.1622776601683795e-05
15.3 0.0 0.0
15.35 0.0 3.1622776601683795e-05
15.4 0.0 0.0
15.45 0.001 0.00025298221281347036
15.5 0.0 3.1622776601683795e-05
15.55 0.001 0.00025298221281347036
15.6 0.0 0.0
15.65 0.001 0.00015811388300841897
15.7 0.001 0.00025298221281347036
15.75 0.002 0.0004743416490252569
15.8 0.0 3.1622776601683795e-05
15.85 0.0 0.00012649110640673518
15.9 0.001 3.162277660168378e-05
15.95 0.001 6.324555320336756e-05
16.0 0.001 9.486832980505139e-05
16.05 0.002 0.00018973665961010279
16.1 0.001 0.00025298221281347036
16.15 0.001 0.0005692099788303082
16.2 0.001 0.000758946638440411
16.25 0.007 0.0007589466384404111
16.3 0.007 0.0001264911064067353
16.35 0.007 0.0007273238618387275
16.4 0.013 0.00028460498941515423
16.45 0.019 0.00044271887242357266
16.5 0.031 0.0008538149682454633
16.55 0.044 0.00018973665961010322
16.6 0.061 0.001454647723677455
16.65 0.08 0.0006324555320336759
16.7 0.083 0.00325714598997343
16.75 0.107 0.003952847075210474
16.8 0.124 0.0010751744044572506
16.85 0.154 0.0018973665961010276
16.9 0.162 0.007747580267412529
16.95 0.087 0.0021187260323128148
17.0 0.0 0.0
17.05 0.0 0.0
17.1 0.0 0.0
17.15 0.0 0.0
17.2 0.0 0.0
17.25 0.0 0.0
17.3 0.0 0.0
17.35 0.0 0.0
17.4 0.0 0.0
17.45 0.0 0.0
17.5 0.0 0.0
17.55 0.0 0.0
17.6 0.0 0.0
17.65 0.0 0.0
17.7 0.0 0.0
17.75 0.0 0.0
17.8 0.0 0.0
17.85 0.0 0.0
17.9 0.0 0.0
17.95 0.0 0.0
18.0 0.0 0.0
18.05 0.0 0.0
18.1 0.0 0.0
18.15 0.0 0.0
18.2 0.0 0.0
18.25 0.0 0.0
18.3 0.0 0.0
18.35 0.0 0.0
18.4 0.0 0.0
18.45 0.0 0.0
18.5 0.0 0.0
18.55 0.0 0.0
18.6 0.0 0.0
18.65 0.0 0.0
18.7 0.0 0.0
18.75 0.0 0.0
18.8 0.0 0.0
18.85 0.0 0.0
18.9 0.0 0.0
18.95 0.0 0.0
19.0
***
17.333333333333332
90.33333333333333
14.0 0.0 0.0
14.05 0.0 0.0
14.1 0.0 0.0
14.15 0.0 0.0
14.2 0.0 0.0
14.25 0.0 0.0
14.3 0.0 0.0
14.35 0.0 0.0
14.4 0.0 0.0
14.45 0.0 0.0
14.5 0.0 0.0
14.55 0.0 0.0
14.6 0.0 0.0
14.65 0.0 0.0
14.7 0.0 0.0
14.75 0.0 0.0
14.8 0.0 0.0
14.85 0.0 0.0
14.9 0.0 0.0
14.95 0.0 0.0
15.0 0.0 0.0
15.05 0.0 0.0
15.1 0.0 0.0
15.15 0.0 3.1622776601683795e-05
15.2 0.001 0.0002846049894151542
15.25 0.0 3.1622776601683795e-05
15.3 0.0 3.1622776601683795e-05
15.35 0.0 0.0
15.4 0.0 6.324555320336759e-05
15.45 0.0 3.1622776601683795e-05
15.5 0.0 0.0
15.55 0.0 0.0
15.6 0.0 0.0
15.65 0.0 3.1622776601683795e-05
15.7 0.0 0.0
15.75 0.0 3.1622776601683795e-05
15.8 0.0 3.1622776601683795e-05
15.85 0.001 0.00015811388300841897
15.9 0.001 0.00012649110640673513
15.95 0.001 9.486832980505139e-05
16.0 0.001 0.00018973665961010276
16.05 0.001 9.486832980505139e-05
16.1 0.003 0.0002846049894151541
16.15 0.001 0.0005059644256269407
16.2 0.002 0.0006008327554319921
16.25 0.007 0.0007273238618387272
16.3 0.008 0.0006324555320336759
16.35 0.005 0.0012332882874656682
16.4 0.012 3.162277660168368e-05
16.45 0.023 0.00041109609582188955
16.5 0.02 0.0032887687665751142
16.55 0.044 0.0007905694150420948
16.6 0.071 0.0038579787454054238
16.65 0.073 0.0015178932768808214
16.7 0.097 0.0015811388300841897
16.75 0.114 0.0008538149682454633
16.8 0.131 0.0004743416490252569
16.85 0.147 0.0009170605214488317
16.9 0.148 0.0009803060746521957
16.95 0.088 0.0028460498941515417
17.0 0.0 0.0
17.05 0.0 0.0
17.1 0.0 0.0
17.15 0.0 0.0
17.2 0.0 0.0
17.25 0.0 0.0
17.3 0.0 0.0
17.35 0.0 0.0
17.4 0.0 0.0
17.45 0.0 0.0
17.5 0.0 0.0
17.55 0.0 0.0
17.6 0.0 0.0
17.65 0.0 0.0
17.7 0.0 0.0
17.75 0.0 0.0
17.8 0.0 0.0
17.85 0.0 0.0
17.9 0.0 0.0
17.95 0.0 0.0
18.0 0.0 0.0
18.05 0.0 0.0
18.1 0.0 0.0
18.15 0.0 0.0
18.2 0.0 0.0
18.25 0.0 0.0
18.3 0.0 0.0
18.35 0.0 0.0
18.4 0.0 0.0
18.45 0.0 0.0
18.5 0.0 0.0
18.55 0.0 0.0
18.6 0.0 0.0
18.65 0.0 0.0
18.7 0.0 0.0
18.75 0.0 0.0
18.8 0.0 0.0
18.85 0.0 0.0
18.9 0.0 0.0
18.95 0.0 0.0
19.0
***
17.666666666666668
91.0
14.0 0.0 0.0
14.05 0.0 0.0
14.1 0.0 0.0
14.15 0.0 0.0
14.2 0.0 0.0
14.25 0.0 0.0
14.3 0.0 0.0
14.35 0.0 0.0
14.4 0.0 0.0
14.45 0.0 0.0
14.5 0.0 0.0
14.55 0.0 0.0
14.6 0.0 0.0
14.65 0.0 0.0
14.7 0.0 0.0
14.75 0.0 0.0
14.8 0.0 0.0
14.85 0.0 0.0
14.9 0.0 0.0
14.95 0.0 0.0
15.0 0.0 3.1622776601683795e-05
15.05 0.0 0.0
15.1 0.0 0.0
15.15 0.0 0.0
15.2 0.0 3.1622776601683795e-05
15.25 0.001 0.0002846049894151542
15.3 0.0 0.0
15.35 0.0 9.486832980505138e-05
15.4 0.001 0.00025298221281347036
15.45 0.0 3.1622776601683795e-05
15.5 0.0 0.0
15.55 0.0 0.0
15.6 0.0 3.1622776601683795e-05
15.65 0.0 0.00012649110640673518
15.7 0.0 9.486832980505138e-05
15.75 0.0 0.0
15.8 0.001 0.00018973665961010276
15.85 0.003 0.0005059644256269407
15.9 0.001 9.486832980505139e-05
15.95 0.003 0.0005059644256269407
16.0 0.0 0.0005375872022286244
16.05 0.0 0.0004427188724235731
16.1 0.002 0.00025298221281347036
16.15 0.005 0.0008221921916437787
16.2 0.002 0.0007905694150420948
16.25 0.005 9.486832980505134e-05
16.3 0.006 9.486832980505134e-05
16.35 0.009 0.0008221921916437786
16.4 0.019 0.0013597793938724034
16.45 0.027 0.0018341210428976602
16.5 0.035 0.0007905694150420948
16.55 0.031 0.003099032106965011
16.6 0.057 0.0005692099788303074
16.65 0.072 0.0008538149682454633
16.7 0.119 0.006419423650141809
16.75 0.117 0.00012649110640673697
16.8 0.148 0.0030674093303633245
16.85 0.124 0.0050912670328710895
16.9 0.109 0.006609160309751915
16.95 0.103 0.0033203915431767985
17.0 0.0 0.0
17.05 0.0 0.0
17.1 0.0 0.0
17.15 0.0 0.0
17.2 0.0 0.0
17.25 0.0 0.0
17.3 0.0 0.0
17.35 0.0 0.0
17.4 0.0 0.0
17.45 0.0 0.0
17.5 0.0 0.0
17.55 0.0 0.0
17.6 0.0 0.0
17.65 0.0 0.0
17.7 0.0 0.0
17.75 0.0 0.0
17.8 0.0 0.0
17.85 0.0 0.0
17.9 0.0 0.0
17.95 0.0 0.0
18.0 0.0 0.0
18.05 0.0 0.0
18.1 0.0 0.0
18.15 0.0 0.0
18.2 0.0 0.0
18.25 0.0 0.0
18.3 0.0 0.0
18.35 0.0 0.0
18.4 0.0 0.0
18.45 0.0 0.0
18.5 0.0 0.0
18.55 0.0 0.0
18.6 0.0 0.0
18.65 0.0 0.0
18.7 0.0 0.0
18.75 0.0 0.0
18.8 0.0 0.0
18.85 0.0 0.0
18.9 0.0 0.0
18.95 0.0 0.0
19.0
***
17.666666666666668
90.66666666666667
14.0 0.0 0.0
14.05 0.0 0.0
14.1 0.0 0.0
14.15 0.0 0.0
14.2 0.0 0.0
14.25 0.0 0.0
14.3 0.0 0.0
14.35 0.0 0.0
14.4 0.0 0.0
14.45 0.0 0.0
14.5 0.0 0.0
14.55 0.0 0.0
14.6 0.0 0.0
14.65 0.0 0.0
14.7 0.0 0.0
14.75 0.0 0.0
14.8 0.0 0.0
14.85 0.0 0.0
14.9 0.0 0.0
14.95 0.0 0.0
15.0 0.0 0.0
15.05 0.0 0.0
15.1 0.0 9.486832980505138e-05
15.15 0.0 6.324555320336759e-05
15.2 0.0 0.0
15.25 0.0 0.0
15.3 0.0 0.0
15.35 0.0 3.1622776601683795e-05
15.4 0.0 3.1622776601683795e-05
15.45 0.0 0.0
15.5 0.0 3.1622776601683795e-05
15.55 0.0 3.1622776601683795e-05
15.6 0.0 3.1622776601683795e-05
15.65 0.0 3.1622776601683795e-05
15.7 0.0 9.486832980505138e-05
15.75 0.0 0.0
15.8 0.0 3.1622776601683795e-05
15.85 0.0 9.486832980505138e-05
15.9 0.0 0.0004743416490252569
15.95 0.0 0.00022135943621178655
16.0 0.002 0.00012649110640673513
16.05 0.0 0.00031622776601683794
16.1 0.002 0.00022135943621178655
16.15 0.005 0.0006008327554319921
16.2 0.004 3.162277660168382e-05
16.25 0.004 0.00037947331922020557
16.3 0.009 0.00037947331922020557
16.35 0.014 0.0008221921916437786
16.4 0.013 3.162277660168368e-05
16.45 0.017 0.0012016655108639841
16.5 0.028 0.00037947331922020535
16.55 0.04 0.0007905694150420948
16.6 0.056 0.000980306074652198
16.65 0.079 0.0015178932768808214
16.7 0.076 0.006640783086353597
16.75 0.135 0.004300697617828994
16.8 0.135 6.324555320336399e-05
16.85 0.138 0.0006640783086353579
16.9 0.148 0.0031939004367700615
16.95 0.095 0.0014546477236774527
17.0 0.0 0.0
17.05 0.0 0.0
17.1 0.0 0.0
17.15 0.0 0.0
17.2 0.0 0.0
17.25 0.0 0.0
17.3 0.0 0.0
17.35 0.0 0.0
17.4 0.0 0.0
17.45 0.0 0.0
17.5 0.0 0.0
17.55 0.0 0.0
17.6 0.0 0.0
17.65 0.0 0.0
17.7 0.0 0.0
17.75 0.0 0.0
17.8 0.0 0.0
17.85 0.0 0.0
17.9 0.0 0.0
17.95 0.0 0.0
18.0 0.0 0.0
18.05 0.0 0.0
18.1 0.0 0.0
18.15 0.0 0.0
18.2 0.0 0.0
18.25 0.0 0.0
18.3 0.0 0.0
18.35 0.0 0.0
18.4 0.0 0.0
18.45 0.0 0.0
18.5 0.0 0.0
18.55 0.0 0.0
18.6 0.0 0.0
18.65 0.0 0.0
18.7 0.0 0.0
18.75 0.0 0.0
18.8 0.0 0.0
18.85 0.0 0.0
18.9 0.0 0.0
18.95 0.0 0.0
19.0
***
17.666666666666668
90.33333333333333
14.0 0.0 0.0
14.05 0.0 0.0
14.1 0.0 0.0
14.15 0.0 0.0
14.2 0.0 0.0
14.25 0.0 0.0
14.3 0.0 0.0
14.35 0.0 0.0
14.4 0.0 0.0
14.45 0.0 0.0
14.5 0.0 0.0
14.55 0.0 0.0
14.6 0.0 0.0
14.65 0.0 0.0
14.7 0.0 0.0
14.75 0.0 0.0
14.8 0.0 0.0
14.85 0.0 0.0
14.9 0.0 0.0
14.95 0.0 0.0
15.0 0.0 3.1622776601683795e-05
15.05 0.0 0.0
15.1 0.0 0.0
15.15 0.0 0.0
15.2 0.0 0.0
15.25 0.0 0.0
15.3 0.0 0.0
15.35 0.0 3.1622776601683795e-05
15.4 0.0 0.0
15.45 0.0 0.0
15.5 0.0 0.0
15.55 0.0 0.0
15.6 0.0 0.0
15.65 0.0 6.324555320336759e-05
15.7 0.0 0.0
15.75 0.0 6.324555320336759e-05
15.8 0.001 0.0002846049894151542
15.85 0.002 0.0004743416490252569
15.9 0.003 0.0005692099788303084
15.95 0.0 0.00025298221281347036
16.0 0.0 0.0002846049894151542
16.05 0.003 0.0006324555320336759
16.1 0.0 0.0002846049894151542
16.15 0.003 0.00034785054261852176
16.2 0.002 0.00015811388300841897
16.25 0.003 0.0005059644256269405
16.3 0.006 0.0005375872022286245
16.35 0.009 6.324555320336736e-05
16.4 0.017 0.0004743416490252569
16.45 0.025 0.0006640783086353601
16.5 0.03 0.00012649110640673472
16.55 0.041 0.0005375872022286253
16.6 0.057 0.0004743416490252569
16.65 0.071 0.0029725410005582782
16.7 0.104 0.0030041637771599603
16.75 0.095 0.006103195884124971
16.8 0.125 0.003952847075210474
16.85 0.161 0.0043639431710323666
16.9 0.156 0.004743416490252569
16.95 0.086 0.0014862705002791391
17.0 0.0 0.0
17.05 0.0 0.0
17.1 0.0 0.0
17.15 0.0 0.0
17.2 0.0 0.0
17.25 0.0 0.0
17.3 0.0 0.0
17.35 0.0 0.0
17.4 0.0 0.0
17.45 0.0 0.0
17.5 0.0 0.0
17.55 0.0 0.0
17.6 0.0 0.0
17.65 0.0 0.0
17.7 0.0 0.0
17.75 0.0 0.0
17.8 0.0 0.0
17.85 0.0 0.0
17.9 0.0 0.0
17.95 0.0 0.0
18.0 0.0 0.0
18.05 0.0 0.0
18.1 0.0 0.0
18.15 0.0 0.0
18.2 0.0 0.0
18.25 0.0 0.0
18.3 0.0 0.0
18.35 0.0 0.0
18.4 0.0 0.0
18.45 0.0 0.0
18.5 0.0 0.0
18.55 0.0 0.0
18.6 0.0 0.0
18.65 0.0 0.0
18.7 0.0 0.0
18.75 0.0 0.0
18.8 0.0 0.0
18.85 0.0 0.0
18.9 0.0 0.0
18.95 0.0 0.0
19.0
***
18.0
91.0
14.0 0.0 0.0
14.05 0.0 0.0
14.1 0.0 0.0
14.15 0.0 0.0
14.2 0.0 0.0
14.25 0.0 0.0
14.3 0.0 0.0
14.35 0.0 0.0
14.4 0.0 0.0
14.45 0.0 0.0
14.5 0.0 0.0
14.55 0.0 0.0
14.6 0.0 0.0
14.65 0.0 0.0
14.7 0.0 0.0
14.75 0.0 0.0
14.8 0.0 0.0
14.85 0.0 0.0
14.9 0.0 0.0
14.95 0.0 0.0
15.0 0.0 0.0
15.05 0.0 0.0
15.1 0.0 0.0
15.15 0.0 0.0
15.2 0.0 0.0
15.25 0.0 0.0
15.3 0.0 0.0
15.35 0.0 0.0
15.4 0.0 0.0
15.45 0.0 0.0
15.5 0.0 0.0
15.55 0.0 0.0
15.6 0.0 0.0
15.65 0.0 0.0
15.7 0.0 6.324555320336759e-05
15.75 0.0 0.0
15.8 0.0 0.0
15.85 0.0 3.1622776601683795e-05
15.9 0.0 6.324555320336759e-05
15.95 0.0 6.324555320336759e-05
16.0 0.0 9.486832980505138e-05
16.05 0.0 3.1622776601683795e-05
16.1 0.0 3.1622776601683795e-05
16.15 0.002 0.0005692099788303084
16.2 0.0 0.00015811388300841897
16.25 0.0 0.00012649110640673518
16.3 0.0 0.00012649110640673518
16.35 0.0 0.00022135943621178655
16.4 0.002 0.00012649110640673513
16.45 0.002 3.162277660168382e-05
16.5 0.005 0.00028460498941515423
16.55 0.002 0.0009803060746521974
16.6 0.005 0.00037947331922020557
16.65 0.004 0.0009486832980505138
16.7 0.015 0.001486270500279138
16.75 0.013 0.00037947331922020535
16.8 0.019 0.0006640783086353601
16.85 0.015 0.0013914021704740864
16.9 0.02 0.0012016655108639841
16.95 0.033 0.0012649110640673518
17.0 0.027 0.0013281566172707192
17.05 0.027 0.0024033310217279683
17.1 0.042 0.0005692099788303074
17.15 0.053 0.004553679830642466
17.2 0.045 0.00012649110640673472
17.25 0.055 0.002940918223956592
17.3 0.05 0.00025298221281346944
17.35 0.042 0.002434953798329653
17.4 0.053 0.0005692099788303074
17.45 0.049 0.0013597793938724023
17.5 0.053 0.001138419957660617
17.55 0.039 0.003636619309193636
17.6 0.054 0.0011067971810589327
17.65 0.051 0.0013281566172707203
17.7 0.048 0.00022135943621178744
17.75 0.04 0.0008538149682454633
17.8 0.046 0.001454647723677455
17.85 0.034 0.0013597793938724023
17.9 0.031 0.00041109609582188955
17.95 0.024 0.0006324555320336759
18.0 0.0 0.0
18.05 0.0 0.0
18.1 0.0 0.0
18.15 0.0 0.0
18.2 0.0 0.0
18.25 0.0 0.0
18.3 0.0 0.0
18.35 0.0 0.0
18.4 0.0 0.0
18.45 0.0 0.0
18.5 0.0 0.0
18.55 0.0 0.0
18.6 0.0 0.0
18.65 0.0 0.0
18.7 0.0 0.0
18.75 0.0 0.0
18.8 0.0 0.0
18.85 0.0 0.0
18.9 0.0 0.0
18.95 0.0 0.0
19.0
***
18.0
90.66666666666667
14.0 0.0 0.0
14.05 0.0 0.0
14.1 0.0 0.0
14.15 0.0 0.0
14.2 0.0 0.0
14.25 0.0 0.0
14.3 0.0 0.0
14.35 0.0 0.0
14.4 0.0 0.0
14.45 0.0 0.0
14.5 0.0 0.0
14.55 0.0 0.0
14.6 0.0 0.0
14.65 0.0 0.0
14.7 0.0 0.0
14.75 0.0 0.0
14.8 0.0 0.0
14.85 0.0 0.0
14.9 0.0 0.0
14.95 0.0 0.0
15.0 0.0 0.0
15.05 0.0 0.0
15.1 0.0 0.0
15.15 0.0 0.0
15.2 0.0 0.0
15.25 0.0 0.0
15.3 0.0 0.0
15.35 0.0 0.0
15.4 0.0 0.0
15.45 0.0 0.0
15.5 0.0 0.0
15.55 0.0 0.0
15.6 0.0 0.0
15.65 0.0 0.0
15.7 0.0 0.0
15.75 0.0 3.1622776601683795e-05
15.8 0.0 0.0
15.85 0.0 3.1622776601683795e-05
15.9 0.0 0.0
15.95 0.0 3.1622776601683795e-05
16.0 0.0 3.1622776601683795e-05
16.05 0.0 0.0
16.1 0.0 6.324555320336759e-05
16.15 0.0 6.324555320336759e-05
16.2 0.0 6.324555320336759e-05
16.25 0.0 3.1622776601683795e-05
16.3 0.0 0.00018973665961010276
16.35 0.0 0.00018973665961010276
16.4 0.0 0.00031622776601683794
16.45 0.002 0.00012649110640673513
16.5 0.007 0.0013281566172707194
16.55 0.002 0.0005692099788303082
16.6 0.003 0.0009170605214488301
16.65 0.004 0.0011067971810589327
16.7 0.011 0.00015811388300841897
16.75 0.007 0.0024981993515330197
16.8 0.018 0.0005375872022286242
16.85 0.021 0.0004743416490252569
16.9 0.031 0.0026879360111431226
16.95 0.022 0.0016443843832875571
17.0 0.032 0.0007589466384404107
17.05 0.022 0.0030357865537616446
17.1 0.038 0.0008221921916437791
17.15 0.03 0.0033520143197784823
17.2 0.051 0.0024033310217279683
17.25 0.049 0.0006324555320336759
17.3 0.068 0.006451046426743494
17.35 0.047 0.0012332882874656675
17.4 0.052 0.0008221921916437791
17.45 0.057 0.0007589466384404107
17.5 0.062 0.0036682420857953204
17.55 0.043 0.0015495160534825054
17.6 0.054 0.0009486832980505138
17.65 0.042 0.00325714598997343
17.7 0.05 3.162277660168424e-05
17.75 0.048 0.0008854377448471453
17.8 0.05 0.0028460498941515417
17.85 0.027 0.0044904342774391
17.9 0.027 0.0008221921916437791
17.95 0.023 0.001138419957660617
18.0 0.0 0.0
18.05 0.0 0.0
18.1 0.0 0.0
18.15 0.0 0.0
18.2 0.0 0.0
18.25 0.0 0.0
18.3 0.0 0.0
18.35 0.0 0.0
18.4 0.0 0.0
18.45 0.0 0.0
18.5 0.0 0.0
18.55 0.0 0.0
18.6 0.0 0.0
18.65 0.0 0.0
18.7 0.0 0.0
18.75 0.0 0.0
18.8 0.0 0.0
18.85 0.0 0.0
18.9 0.0 0.0
18.95 0.0 0.0
19.0
***
18.0
90.33333333333333
14.0 0.0 0.0
14.05 0.0 0.0
14.1 0.0 0.0
14.15 0.0 0.0
14.2 0.0 0.0
14.25 0.0 0.0
14.3 0.0 0.0
14.35 0.0 0.0
14.4 0.0 0.0
14.45 0.0 0.0
14.5 0.0 0.0
14.55 0.0 0.0
14.6 0.0 0.0
14.65 0.0 0.0
14.7 0.0 0.0
14.75 0.0 0.0
14.8 0.0 0.0
14.85 0.0 0.0
14.9 0.0 0.0
14.95 0.0 0.0
15.0 0.0 0.0
15.05 0.0 0.0
15.1 0.0 0.0
15.15 0.0 0.0
15.2 0.0 0.0
15.25 0.0 0.0
15.3 0.0 0.0
15.35 0.0 0.0
15.4 0.0 0.0
15.45 0.0 0.0
15.5 0.0 0.0
15.55 0.0 0.0
15.6 0.0 0.0
15.65 0.0 0.0
15.7 0.0 0.0
15.75 0.0 0.0
15.8 0.0 3.1622776601683795e-05
15.85 0.0 0.0
15.9 0.0 0.0
15.95 0.0 0.0
16.0 0.0 0.0
16.05 0.0 0.0
16.1 0.0 0.0
16.15 0.0 0.0
16.2 0.0 0.0
16.25 0.0 9.486832980505138e-05
16.3 0.0 0.00015811388300841897
16.35 0.0 9.486832980505138e-05
16.4 0.002 0.00022135943621178655
16.45 0.002 0.00034785054261852176
16.5 0.004 0.00037947331922020557
16.55 0.006 0.0006324555320336759
16.6 0.005 0.0002213594362117866
16.65 0.003 0.0007273238618387272
16.7 0.01 0.00018973665961010268
16.75 0.01 0.0004427188724235732
16.8 0.014 0.0008538149682454623
16.85 0.016 0.0011700427342623
16.9 0.016 0.002181971585516181
16.95 0.02 0.0026563132345414383
17.0 0.033 0.0012016655108639841
17.05 0.051 0.005249380915879511
17.1 0.034 0.0016443843832875582
17.15 0.034 0.0018341210428976591
17.2 0.042 0.0006640783086353601
17.25 0.045 0.00015811388300841897
17.3 0.054 0.0023717082451262844
17.35 0.057 0.002150348808914497
17.4 0.036 0.0037314876389986863
17.45 0.04 0.002087103255711131
17.5 0.043 0.001296533840669036
17.55 0.056 0.00041109609582188846
17.6 0.053 0.001296533840669036
17.65 0.062 0.0035417509793885856
17.7 0.051 0.0010435516278555644
17.75 0.053 0.0008538149682454633
17.8 0.05 0.0016443843832875582
17.85 0.036 0.001454647723677455
17.9 0.037 0.00031622776601683794
17.95 0.025 0.001011928851253881
18.0 0.0 0.0
18.05 0.0 0.0
18.1 0.0 0.0
18.15 0.0 0.0
18.2 0.0 0.0
18.25 0.0 0.0
18.3 0.0 0.0
18.35 0.0 0.0
18.4 0.0 0.0
18.45 0.0 0.0
18.5 0.0 0.0
18.55 0.0 0.0
18.6 0.0 0.0
18.65 0.0 0.0
18.7 0.0 0.0
18.75 0.0 0.0
18.8 0.0 0.0
18.85 0.0 0.0
18.9 0.0 0.0
18.95 0.0 0.0
19.0
***
18.333333333333332
91.0
14.0 0.0 0.0
14.05 0.0 0.0
14.1 0.0 0.0
14.15 0.0 0.0
14.2 0.0 0.0
14.25 0.0 0.0
14.3 0.0 0.0
14.35 0.0 0.0
14.4 0.0 0.0
14.45 0.0 0.0
14.5 0.0 0.0
14.55 0.0 0.0
14.6 0.0 0.0
14.65 0.0 0.0
14.7 0.0 0.0
14.75 0.0 0.0
14.8 0.0 0.0
14.85 0.0 0.0
14.9 0.0 0.0
14.95 0.0 0.0
15.0 0.0 0.0
15.05 0.0 0.0
15.1 0.0 0.0
15.15 0.0 0.0
15.2 0.0 0.0
15.25 0.0 0.0
15.3 0.0 0.0
15.35 0.0 0.0
15.4 0.0 0.0
15.45 0.0 0.0
15.5 0.0 0.0
15.55 0.0 0.0
15.6 0.0 0.0
15.65 0.0 3.1622776601683795e-05
15.7 0.0 3.1622776601683795e-05
15.75 0.0 0.0
15.8 0.0 0.0
15.85 0.0 3.1622776601683795e-05
15.9 0.0 0.0
15.95 0.001 0.00022135943621178655
16.0 0.0 0.0
16.05 0.0 6.324555320336759e-05
16.1 0.0 0.0
16.15 0.0 3.1622776601683795e-05
16.2 0.001 0.00018973665961010276
16.25 0.001 0.00012649110640673518
16.3 0.0 0.00018973665961010276
16.35 0.001 6.324555320336756e-05
16.4 0.001 6.324555320336756e-05
16.45 0.001 0.0004743416490252569
16.5 0.003 0.00015811388300841897
16.55 0.004 3.162277660168368e-05
16.6 0.005 0.0004743416490252569
16.65 0.014 0.0017708754896942924
16.7 0.015 0.001549516053482506
16.75 0.014 0.00031622776601683794
16.8 0.025 0.0024033310217279683
16.85 0.016 0.0013281566172707192
16.9 0.025 9.486832980505161e-05
16.95 0.028 0.00044271887242357266
17.0 0.028 0.0011067971810589327
17.05 0.033 0.0007905694150420948
17.1 0.038 0.0004743416490252569
17.15 0.051 0.003099032106965011
17.2 0.038 0.002276839915321234
17.25 0.04 0.0017708754896942928
17.3 0.046 0.00022135943621178744
17.35 0.051 0.00022135943621178744
17.4 0.066 0.00290929544735491
17.45 0.05 0.0009486832980505138
17.5 0.039 0.0024981993515330193
17.55 0.053 0.0005375872022286253
17.6 0.047 0.0005059644256269412
17.65 0.044 0.0007273238618387263
17.7 0.054 0.0016127616066858742
17.75 0.038 0.0012332882874656675
17.8 0.051 0.002814427117549857
17.85 0.034 0.0013597793938724023
17.9 0.027 0.0018657438194993432
17.95 0.017 0.0007905694150420948
18.0 0.0 0.0
18.05 0.0 0.0
18.1 0.0 0.0
18.15 0.0 0.0
18.2 0.0 0.0
18.25 0.0 0.0
18.3 0.0 0.0
18.35 0.0 0.0
18.4 0.0 0.0
18.45 0.0 0.0
18.5 0.0 0.0
18.55 0.0 0.0
18.6 0.0 0.0
18.65 0.0 0.0
18.7 0.0 0.0
18.75 0.0 0.0
18.8 0.0 0.0
18.85 0.0 0.0
18.9 0.0 0.0
18.95 0.0 0.0
19.0
***
18.333333333333332
90.66666666666667
14.0 0.0 0.0
14.05 0.0 0.0
14.1 0.0 0.0
14.15 0.0 0.0
14.2 0.0 0.0
14.25 0.0 0.0
14.3 0.0 0.0
14.35 0.0 0.0
14.4 0.0 0.0
14.45 0.0 0.0
14.5 0.0 0.0
14.55 0.0 0.0
14.6 0.0 0.0
14.65 0.0 0.0
14.7 0.0 0.0
14.75 0.0 0.0
14.8 0.0 0.0
14.85 0.0 0.0
14.9 0.0 0.0
14.95 0.0 0.0
15.0 0.0 0.0
15.05 0.0 0.0
15.1 0.0 0.0
15.15 0.0 0.0
15.2 0.0 0.0
15.25 0.0 0.0
15.3 0.0 0.0
15.35 0.0 0.0
15.4 0.0 0.0
15.45 0.0 0.0
15.5 0.0 3.1622776601683795e-05
15.55 0.0 0.0
15.6 0.0 3.1622776601683795e-05
15.65 0.0 0.0
15.7 0.0 3.1622776601683795e-05
15.75 0.0 3.1622776601683795e-05
15.8 0.0 6.324555320336759e-05
15.85 0.0 6.324555320336759e-05
15.9 0.0 3.1622776601683795e-05
15.95 0.0 0.0
16.0 0.0 0.0
16.05 0.0 0.0
16.1 0.0 6.324555320336759e-05
16.15 0.0 3.1622776601683795e-05
16.2 0.0 3.1622776601683795e-05
16.25 0.0 6.324555320336759e-05
16.3 0.0 0.00012649110640673518
16.35 0.0 0.00015811388300841897
16.4 0.001 3.162277660168378e-05
16.45 0.001 6.324555320336756e-05
16.5 0.004 0.0004743416490252569
16.55 0.003 9.486832980505134e-05
16.6 0.01 0.001359779393872403
16.65 0.004 0.0006640783086353596
16.7 0.008 0.0004427188724235732
16.75 0.009 0.0012332882874656682
16.8 0.019 0.0014230249470757708
16.85 0.023 0.001138419957660617
16.9 0.022 0.0002529822128134706
16.95 0.035 0.0016127616066858742
17.0 0.03 0.0011067971810589327
17.05 0.034 0.00037947331922020644
17.1 0.037 0.0012649110640673518
17.15 0.041 0.00015811388300841897
17.2 0.039 0.0017708754896942928
17.25 0.047 0.0006640783086353601
17.3 0.056 0.001138419957660617
17.35 0.052 0.0012649110640673518
17.4 0.049 0.00012649110640673472
17.45 0.048 0.0006324555320336759
17.5 0.064 0.0026879360111431226
17.55 0.051 0.0008538149682454633
17.6 0.059 0.002466576574931335
17.65 0.044 0.0008854377448471453
17.7 0.056 0.0018657438194993432
17.75 0.036 0.0024033310217279683
17.8 0.046 0.0006008327554319915
17.85 0.025 0.004933153149862673
17.9 0.034 0.0006008327554319915
17.95 0.013 0.00224521713871955
18.0 0.0 0.0
18.05 0.0 0.0
18.1 0.0 0.0
18.15 0.0 0.0
18.2 0.0 0.0
18.25 0.0 0.0
18.3 0.0 0.0
18.35 0.0 0.0
18.4 0.0 0.0
18.45 0.0 0.0
18.5 0.0 0.0
18.55 0.0 0.0
18.6 0.0 0.0
18.65 0.0 0.0
18.7 0.0 0.0
18.75 0.0 0.0
18.8 0.0 0.0
18.85 0.0 0.0
18.9 0.0 0.0
18.95 0.0 0.0
19.0
***
18.333333333333332
90.33333333333333
14.0 0.0 0.0
14.05 0.0 0.0
14.1 0.0 0.0
14.15 0.0 0.0
14.2 0.0 0.0
14.25 0.0 0.0
14.3 0.0 0.0
14.35 0.0 0.0
14.4 0.0 0.0
14.45 0.0 0.0
14.5 0.0 0.0
14.55 0.0 0.0
14.6 0.0 0.0
14.65 0.0 0.0
14.7 0.0 0.0
14.75 0.0 0.0
14.8 0.0 0.0
14.85 0.0 0.0
14.9 0.0 0.0
14.95 0.0 0.0
15.0 0.0 0.0
15.05 0.0 0.0
15.1 0.0 0.0
15.15 0.0 0.0
15.2 0.0 0.0
15.25 0.0 0.0
15.3 0.0 0.0
15.35 0.0 0.0
15.4 0.0 0.0
15.45 0.0 0.0
15.5 0.0 0.0
15.55 0.0 0.0
15.6 0.0 0.0
15.65 0.0 0.0
15.7 0.0 3.1622776601683795e-05
15.75 0.0 0.0
15.8 0.0 0.0
15.85 0.0 3.1622776601683795e-05
15.9 0.0 0.0
15.95 0.0 0.0
16.0 0.0 0.0
16.05 0.0 3.1622776601683795e-05
16.1 0.0 0.0
16.15 0.0 3.1622776601683795e-05
16.2 0.0 0.0
16.25 0.0 9.486832980505138e-05
16.3 0.0 3.1622776601683795e-05
16.35 0.0 0.00012649110640673518
16.4 0.002 0.00041109609582188933
16.45 0.003 0.0005375872022286244
16.5 0.003 0.00018973665961010279
16.55 0.002 6.324555320336764e-05
16.6 0.007 0.0004743416490252569
16.65 0.007 0.0005059644256269405
16.7 0.011 0.0004427188724235732
16.75 0.012 9.486832980505161e-05
16.8 0.017 0.0011700427342623
16.85 0.02 0.0002529822128134706
16.9 0.022 0.0006640783086353601
16.95 0.033 0.002087103255711131
17.0 0.031 3.162277660168424e-05
17.05 0.022 0.004427188724235731
17.1 0.028 0.002814427117549857
17.15 0.042 0.0018657438194993432
17.2 0.055 0.0036998648623970047
17.25 0.042 0.0015178932768808214
17.3 0.048 0.0004743416490252569
17.35 0.048 0.00015811388300841897
17.4 0.044 0.0020554804791094467
17.45 0.041 0.0030357865537616446
17.5 0.053 0.00022135943621178744
17.55 0.063 0.00224521713871955
17.6 0.055 0.0023400854685246
17.65 0.053 0.001454647723677455
17.7 0.045 0.0007273238618387263
17.75 0.046 0.0008221921916437791
17.8 0.049 0.0006324555320336759
17.85 0.029 0.0036049965325919524
17.9 0.038 0.0005375872022286253
17.95 0.027 0.0018341210428976602
18.0 0.0 0.0
18.05 0.0 0.0
18.1 0.0 0.0
18.15 0.0 0.0
18.2 0.0 0.0
18.25 0.0 0.0
18.3 0.0 0.0
18.35 0.0 0.0
18.4 0.0 0.0
18.45 0.0 0.0
18.5 0.0 0.0
18.55 0.0 0.0
18.6 0.0 0.0
18.65 0.0 0.0
18.7 0.0 0.0
18.75 0.0 0.0
18.8 0.0 0.0
18.85 0.0 0.0
18.9 0.0 0.0
18.95 0.0 0.0
19.0
***
18.666666666666668
91.0
14.0 0.0 0.0
14.05 0.0 0.0
14.1 0.0 0.0
14.15 0.0 0.0
14.2 0.0 0.0
14.25 0.0 0.0
14.3 0.0 0.0
14.35 0.0 0.0
14.4 0.0 0.0
14.45 0.0 0.0
14.5 0.0 0.0
14.55 0.0 0.0
14.6 0.0 0.0
14.65 0.0 0.0
14.7 0.0 0.0
14.75 0.0 0.0
14.8 0.0 0.0
14.85 0.0 0.0
14.9 0.0 0.0
14.95 0.0 0.0
15.0 0.0 0.0
15.05 0.0 0.0
15.1 0.0 0.0
15.15 0.0 0.0
15.2 0.0 0.0
15.25 0.0 0.0
15.3 0.0 0.0
15.35 0.0 3.1622776601683795e-05
15.4 0.0 0.0
15.45 0.0 0.0
15.5 0.0 0.0
15.55 0.0 0.0
15.6 0.0 0.0
15.65 0.0 6.324555320336759e-05
15.7 0.0 0.0
15.75 0.0 6.324555320336759e-05
15.8 0.0 3.1622776601683795e-05
15.85 0.0 6.324555320336759e-05
15.9 0.0 3.1622776601683795e-05
15.95 0.0 0.0
16.0 0.0 3.1622776601683795e-05
16.05 0.0 6.324555320336759e-05
16.1 0.0 0.0
16.15 0.0 9.486832980505138e-05
16.2 0.0 0.00012649110640673518
16.25 0.0 0.00012649110640673518
16.3 0.002 0.0004427188724235731
16.35 0.0 0.00025298221281347036
16.4 0.002 0.00018973665961010279
16.45 0.004 0.0005375872022286245
16.5 0.002 0.00018973665961010279
16.55 0.004 9.486832980505134e-05
16.6 0.005 3.162277660168368e-05
16.65 0.006 0.00037947331922020557
16.7 0.01 0.0002529822128134706
16.75 0.005 0.0025298221281347035
16.8 0.021 0.0018024982662959762
16.85 0.028 0.002181971585516181
16.9 0.014 0.0022135943621178654
16.95 0.03 6.324555320336736e-05
17.0 0.036 0.0012649110640673518
17.05 0.035 6.324555320336849e-05
17.1 0.048 0.0018341210428976591
17.15 0.035 0.0018973665961010276
17.2 0.042 0.00018973665961010322
17.25 0.042 0.0009170605214488296
17.3 0.06 0.0036682420857953204
17.35 0.046 0.0010119288512538823
17.4 0.055 0.0017392527130926086
17.45 0.051 0.00041109609582188846
17.5 0.05 0.00044271887242357266
17.55 0.058 0.0016443843832875582
17.6 0.048 0.00018973665961010322
17.65 0.036 0.0044904342774391
17.7 0.057 0.001992234925906078
17.75 0.04 0.000980306074652198
17.8 0.047 0.00012649110640673472
17.85 0.032 0.0017076299364909245
17.9 0.031 0.0005692099788303074
17.95 0.018 0.0003478505426185222
18.0 0.0 0.0
18.05 0.0 0.0
18.1 0.0 0.0
18.15 0.0 0.0
18.2 0.0 0.0
18.25 0.0 0.0
18.3 0.0 0.0
18.35 0.0 0.0
18.4 0.0 0.0
18.45 0.0 0.0
18.5 0.0 0.0
18.55 0.0 0.0
18.6 0.0 0.0
18.65 0.0 0.0
18.7 0.0 0.0
18.75 0.0 0.0
18.8 0.0 0.0
18.85 0.0 0.0
18.9 0.0 0.0
18.95 0.0 0.0
19.0
***
18.666666666666668
90.66666666666667
14.0 0.0 0.0
14.05 0.0 0.0
14.1 0.0 0.0
14.15 0.0 0.0
14.2 0.0 0.0
14.25 0.0 0.0
14.3 0.0 0.0
14.35 0.0 0.0
14.4 0.0 0.0
14.45 0.0 0.0
14.5 0.0 0.0
14.55 0.0 0.0
14.6 0.0 0.0
14.65 0.0 0.0
14.7 0.0 0.0
14.75 0.0 0.0
14.8 0.0 0.0
14.85 0.0 0.0
14.9 0.0 0.0
14.95 0.0 0.0
15.0 0.0 0.0
15.05 0.0 0.0
15.1 0.0 0.0
15.15 0.0 0.0
15.2 0.0 0.0
15.25 0.0 0.0
15.3 0.0 0.0
15.35 0.0 0.0
15.4 0.0 0.0
15.45 0.0 0.0
15.5 0.0 3.1622776601683795e-05
15.55 0.0 0.0
15.6 0.0 0.0
15.65 0.0 0.0
15.7 0.0 0.0
15.75 0.0 0.0
15.8 0.0 0.0
15.85 0.0 0.0
15.9 0.0 3.1622776601683795e-05
15.95 0.0 0.0
16.0 0.0 0.0
16.05 0.0 3.1622776601683795e-05
16.1 0.0 3.1622776601683795e-05
16.15 0.001 0.00022135943621178655
16.2 0.001 0.00025298221281347036
16.25 0.0 9.486832980505138e-05
16.3 0.0 9.486832980505138e-05
16.35 0.001 3.162277660168378e-05
16.4 0.002 0.0002846049894151541
16.45 0.001 0.00015811388300841897
16.5 0.002 9.486832980505134e-05
16.55 0.005 0.00037947331922020557
16.6 0.002 0.0008221921916437786
16.65 0.009 0.0007273238618387272
16.7 0.007 0.0005059644256269405
16.75 0.013 0.0007905694150420948
16.8 0.014 0.0006008327554319921
16.85 0.02 0.00044271887242357266
16.9 0.016 0.0019289893727027119
16.95 0.041 0.004363943171032364
17.0 0.035 0.001296533840669036
17.05 0.03 0.001992234925906078
17.1 0.03 0.002150348808914497
17.15 0.044 0.0019289893727027119
17.2 0.037 0.0018341210428976591
17.25 0.04 0.0015811388300841897
17.3 0.043 0.001296533840669036
17.35 0.055 0.0015811388300841897
17.4 0.042 0.002181971585516181
17.45 0.059 0.0025614449047363878
17.5 0.052 6.324555320336849e-05
17.55 0.057 0.0014230249470757708
17.6 0.04 0.0031939004367700636
17.65 0.052 0.0007905694150420948
17.7 0.05 0.00031622776601683794
17.75 0.051 0.0005692099788303074
17.8 0.041 0.0004743416490252569
17.85 0.04 0.0007273238618387263
17.9 0.037 0.00031622776601683794
17.95 0.028 0.001992234925906079
18.0 0.0 0.0
18.05 0.0 0.0
18.1 0.0 0.0
18.15 0.0 0.0
18.2 0.0 0.0
18.25 0.0 0.0
18.3 0.0 0.0
18.35 0.0 0.0
18.4 0.0 0.0
18.45 0.0 0.0
18.5 0.0 0.0
18.55 0.0 0.0
18.6 0.0 0.0
18.65 0.0 0.0
18.7 0.0 0.0
18.75 0.0 0.0
18.8 0.0 0.0
18.85 0.0 0.0
18.9 0.0 0.0
18.95 0.0 0.0
19.0
***
18.666666666666668
90.33333333333333
14.0 0.0 0.0
14.05 0.0 0.0
14.1 0.0 0.0
14.15 0.0 0.0
14.2 0.0 0.0
14.25 0.0 0.0
14.3 0.0 0.0
14.35 0.0 0.0
14.4 0.0 0.0
14.45 0.0 0.0
14.5 0.0 0.0
14.55 0.0 0.0
14.6 0.0 0.0
14.65 0.0 0.0
14.7 0.0 0.0
14.75 0.0 0.0
14.8 0.0 0.0
14.85 0.0 0.0
14.9 0.0 0.0
14.95 0.0 0.0
15.0 0.0 0.0
15.05 0.0 0.0
15.1 0.0 0.0
15.15 0.0 0.0
15.2 0.0 0.0
15.25 0.0 0.0
15.3 0.0 0.0
15.35 0.0 0.0
15.4 0.0 0.0
15.45 0.0 0.0
15.5 0.0 0.0
15.55 0.0 0.0
15.6 0.0 0.0
15.65 0.0 0.0
15.7 0.0 0.0
15.75 0.0 0.0
15.8 0.0 3.1622776601683795e-05
15.85 0.0 0.0
15.9 0.0 0.0
15.95 0.0 3.1622776601683795e-05
16.0 0.0 0.0
16.05 0.0 0.0
16.1 0.0 0.0
16.15 0.0 0.0
16.2 0.001 0.00022135943621178655
16.25 0.0 6.324555320336759e-05
16.3 0.001 0.00018973665961010276
16.35 0.0 0.00012649110640673518
16.4 0.0 0.00012649110640673518
16.45 0.002 0.00025298221281347036
16.5 0.003 0.00025298221281347025
16.55 0.005 0.0004743416490252569
16.6 0.007 0.0005059644256269405
16.65 0.001 0.0015811388300841897
16.7 0.005 0.0007905694150420948
16.75 0.013 0.0009486832980505138
16.8 0.022 0.0020554804791094467
16.85 0.021 0.0006008327554319915
16.9 0.03 0.0019289893727027119
16.95 0.019 0.002782804340948174
17.0 0.028 0.00015811388300841897
17.05 0.033 0.0006640783086353601
17.1 0.039 0.0002846049894151537
17.15 0.049 0.0033836370963801665
17.2 0.046 0.0015178932768808214
17.25 0.046 0.0002846049894151537
17.3 0.053 0.001296533840669036
17.35 0.058 0.00224521713871955
17.4 0.034 0.005091267032871091
17.45 0.06 0.002150348808914497
17.5 0.061 0.0026563132345414383
17.55 0.048 0.0010751744044572484
17.6 0.045 0.001992234925906078
17.65 0.045 0.0023400854685246
17.7 0.048 0.0014862705002791391
17.75 0.044 0.0004743416490252569
17.8 0.034 0.0035101282027869014
17.85 0.045 0.0025298221281347035
17.9 0.029 0.0019289893727027119
17.95 0.025 0.0016760071598892411
18.0 0.0 0.0
18.05 0.0 0.0
18.1 0.0 0.0
18.15 0.0 0.0
18.2 0.0 0.0
18.25 0.0 0.0
18.3 0.0 0.0
18.35 0.0 0.0
18.4 0.0 0.0
18.45 0.0 0.0
18.5 0.0 0.0
18.55 0.0 0.0
18.6 0.0 0.0
18.65 0.0 0.0
18.7 0.0 0.0
18.75 0.0 0.0
18.8 0.0 0.0
18.85 0.0 0.0
18.9 0.0 0.0
18.95 0.0 0.0
19.0
***
19.0
91.0
14.0 0.0 0.0
14.05 0.0 0.0
14.1 0.0 0.0
14.15 0.0 0.0
14.2 0.0 0.0
14.25 0.0 0.0
14.3 0.0 0.0
14.35 0.0 0.0
14.4 0.0 0.0
14.45 0.0 0.0
14.5 0.0 0.0
14.55 0.0 0.0
14.6 0.0 0.0
14.65 0.0 0.0
14.7 0.0 0.0
14.75 0.0 0.0
14.8 0.0 0.0
14.85 0.0 0.0
14.9 0.0 0.0
14.95 0.0 0.0
15.0 0.0 0.0
15.05 0.0 0.0
15.1 0.0 0.0
15.15 0.0 0.0
15.2 0.0 0.0
15.25 0.0 0.0
15.3 0.0 0.0
15.35 0.0 0.0
15.4 0.0 0.0
15.45 0.0 0.0
15.5 0.0 0.0
15.55 0.0 0.0
15.6 0.0 0.0
15.65 0.0 3.1622776601683795e-05
15.7 0.0 0.0
15.75 0.0 0.0
15.8 0.0 0.0
15.85 0.0 0.0
15.9 0.0 0.0
15.95 0.0 0.0
16.0 0.0 3.1622776601683795e-05
16.05 0.0 6.324555320336759e-05
16.1 0.0 0.0
16.15 0.0 6.324555320336759e-05
16.2 0.0 3.1622776601683795e-05
16.25 0.0 6.324555320336759e-05
16.3 0.0 0.00012649110640673518
16.35 0.001 0.00025298221281347036
16.4 0.001 3.162277660168378e-05
16.45 0.0 0.0004427188724235731
16.5 0.0 0.00041109609582188933
16.55 0.004 0.0007273238618387272
16.6 0.001 0.0005059644256269407
16.65 0.002 0.0005059644256269407
16.7 0.011 0.0016443843832875573
16.75 0.004 0.0005059644256269405
16.8 0.007 0.00028460498941515423
16.85 0.009 0.0006324555320336759
16.9 0.013 0.00037947331922020535
16.95 0.011 0.0008221921916437786
17.0 0.016 3.162277660168368e-05
17.05 0.014 0.0008854377448471464
17.1 0.027 0.002276839915321233
17.15 0.024 0.0006640783086353601
17.2 0.03 0.0025930676813380707
17.25 0.031 0.0015811388300841897
17.3 0.021 0.0013597793938724034
17.35 0.032 0.0017076299364909245
17.4 0.021 0.0018973665961010276
17.45 0.021 0.0015811388300841897
17.5 0.031 0.001011928851253881
17.55 0.027 0.0013914021704740864
17.6 0.02 0.0025930676813380707
17.65 0.025 0.0010435516278555655
17.7 0.034 0.0018341210428976602
17.75 0.032 0.0004743416490252569
17.8 0.029 0.0006957010852370432
17.85 0.026 0.0012332882874656675
17.9 0.021 0.002181971585516181
17.95 0.036 0.0024981993515330193
18.0 0.026 0.0002529822128134706
18.05 0.02 0.002276839915321233
18.1 0.028 3.162277660168424e-05
18.15 0.032 0.002150348808914498
18.2 0.029 3.162277660168424e-05
18.25 0.022 0.00037947331922020535
18.3 0.021 0.0010751744044572484
18.35 0.029 0.0016443843832875571
18.4 0.022 0.0006324555320336759
18.45 0.023 9.486832980505161e-05
18.5 0.025 0.0008854377448471464
18.55 0.026 0.000980306074652198
18.6 0.022 0.0007905694150420948
18.65 0.018 0.00015811388300841897
18.7 0.014 0.0008854377448471464
18.75 0.02 0.0012965338406690354
18.8 0.013 0.0008854377448471464
18.85 0.013 0.00028460498941515423
18.9 0.012 0.00031622776601683794
18.95 0.003 0.001075174404457249
19.0
***
19.0
90.66666666666667
14.0 0.0 0.0
14.05 0.0 0.0
14.1 0.0 0.0
14.15 0.0 0.0
14.2 0.0 0.0
14.25 0.0 0.0
14.3 0.0 0.0
14.35 0.0 0.0
14.4 0.0 0.0
14.45 0.0 0.0
14.5 0.0 0.0
14.55 0.0 0.0
14.6 0.0 0.0
14.65 0.0 0.0
14.7 0.0 0.0
14.75 0.0 0.0
14.8 0.0 0.0
14.85 0.0 0.0
14.9 0.0 0.0
14.95 0.0 0.0
15.0 0.0 0.0
15.05 0.0 0.0
15.1 0.0 0.0
15.15 0.0 0.0
15.2 0.0 0.0
15.25 0.0 0.0
15.3 0.0 0.0
15.35 0.0 0.0
15.4 0.0 0.0
15.45 0.0 0.0
15.5 0.0 0.0
15.55 0.0 0.0
15.6 0.0 0.0
15.65 0.0 0.0
15.7 0.0 0.0
15.75 0.0 0.0
15.8 0.0 0.0
15.85 0.0 0.0
15.9 0.0 0.0
15.95 0.0 0.0
16.0 0.0 0.0
16.05 0.0 0.0
16.1 0.0 3.1622776601683795e-05
16.15 0.0 3.1622776601683795e-05
16.2 0.0 6.324555320336759e-05
16.25 0.001 0.00025298221281347036
16.3 0.0 0.00012649110640673518
16.35 0.0 0.00012649110640673518
16.4 0.0 0.00031622776601683794
16.45 0.001 0.00012649110640673518
16.5 0.0 0.00031622776601683794
16.55 0.0 0.00041109609582188933
16.6 0.001 0.0004743416490252569
16.65 0.004 0.00018973665961010279
16.7 0.002 0.0008221921916437786
16.75 0.007 0.00025298221281347025
16.8 0.003 0.0012016655108639841
16.85 0.016 0.0018657438194993438
16.9 0.011 0.0005059644256269405
16.95 0.01 0.0007273238618387275
17.0 0.017 0.00041109609582188955
17.05 0.021 0.0008538149682454623
17.1 0.015 0.0004743416490252569
17.15 0.022 0.00044271887242357266
17.2 0.023 0.0005375872022286242
17.25 0.026 0.0006008327554319915
17.3 0.013 0.0037631104156003706
17.35 0.031 0.0015811388300841897
17.4 0.02 0.0018024982662959762
17.45 0.027 0.00012649110640673472
17.5 0.03 0.0005059644256269412
17.55 0.03 0.0004743416490252569
17.6 0.027 0.0006640783086353601
17.65 0.027 6.324555320336736e-05
17.7 0.032 0.0013597793938724034
17.75 0.036 0.0018024982662959762
17.8 0.033 0.0011067971810589327
17.85 0.028 0.0
17.9 0.032 0.0012016655108639841
17.95 0.033 0.0010435516278555655
18.0 0.018 0.002276839915321233
18.05 0.025 0.0016760071598892411
18.1 0.042 0.003130654883566695
18.15 0.029 0.0005375872022286242
18.2 0.03 0.0006957010852370432
18.25 0.026 0.00018973665961010322
18.3 0.026 3.162277660168424e-05
18.35 0.025 0.0005375872022286242
18.4 0.021 0.0007273238618387275
18.45 0.015 0.002719558787744807
18.5 0.026 0.001486270500279138
18.55 0.024 0.001011928851253881
18.6 0.015 0.001296533840669036
18.65 0.017 9.486832980505161e-05
18.7 0.018 0.0005059644256269412
18.75 0.021 0.0014230249470757708
18.8 0.012 0.0013281566172707192
18.85 0.007 0.0017392527130926086
18.9 0.011 0.00022135943621178633
18.95 0.011 0.0008854377448471464
19.0
***
19.0
90.33333333333333
14.0 0.0 0.0
14.05 0.0 0.0
14.1 0.0 0.0
14.15 0.0 0.0
14.2 0.0 0.0
14.25 0.0 0.0
14.3 0.0 0.0
14.35 0.0 0.0
14.4 0.0 0.0
14.45 0.0 0.0
14.5 0.0 0.0
14.55 0.0 0.0
14.6 0.0 0.0
14.65 0.0 0.0
14.7 0.0 0.0
14.75 0.0 0.0
14.8 0.0 0.0
14.85 0.0 0.0
14.9 0.0 0.0
14.95 0.0 0.0
15.0 0.0 0.0
15.05 0.0 0.0
15.1 0.0 0.0
15.15 0.0 0.0
15.2 0.0 0.0
15.25 0.0 0.0
15.3 0.0 0.0
15.35 0.0 0.0
15.4 0.0 0.0
15.45 0.0 0.0
15.5 0.0 0.0
15.55 0.0 0.0
15.6 0.0 0.0
15.65 0.0 3.1622776601683795e-05
15.7 0.0 0.0
15.75 0.0 0.0
15.8 0.0 0.0
15.85 0.0 0.0
15.9 0.0 0.0
15.95 0.0 0.0
16.0 0.0 0.0
16.05 0.0 3.1622776601683795e-05
16.1 0.0 6.324555320336759e-05
16.15 0.0 3.1622776601683795e-05
16.2 0.0 3.1622776601683795e-05
16.25 0.0 6.324555320336759e-05
16.3 0.0 0.0
16.35 0.001 0.0002846049894151542
16.4 0.001 0.00022135943621178655
16.45 0.0 0.00012649110640673518
16.5 0.001 0.00015811388300841897
16.55 0.001 0.00015811388300841897
16.6 0.002 9.486832980505139e-05
16.65 0.002 0.00034785054261852176
16.7 0.005 0.0007273238618387272
16.75 0.004 0.0006640783086353596
16.8 0.004 0.0009486832980505138
16.85 0.004 0.0013281566172707192
16.9 0.008 0.0005375872022286242
16.95 0.009 0.0009170605214488301
17.0 0.016 0.0004427188724235732
17.05 0.015 0.00018973665961010268
17.1 0.02 0.0002846049894151537
17.15 0.023 0.0007905694150420948
17.2 0.023 0.0007905694150420948
17.25 0.023 0.00044271887242357266
17.3 0.027 0.0006640783086353601
17.35 0.032 0.0022135943621178654
17.4 0.025 0.0006324555320336759
17.45 0.025 0.0011700427342623
17.5 0.032 0.0007273238618387275
17.55 0.036 0.0026246904579397554
17.6 0.028 0.0003478505426185222
17.65 0.032 0.0007905694150420948
17.7 0.026 0.0008538149682454623
17.75 0.029 0.0005375872022286242
17.8 0.026 0.0012332882874656675
17.85 0.033 0.00224521713871955
17.9 0.03 0.0006324555320336759
17.95 0.027 0.0005375872022286242
18.0 0.022 0.0013281566172707192
18.05 0.032 0.0
18.1 0.032 0.0013914021704740864
18.15 0.024 0.0010751744044572484
18.2 0.02 0.0012649110640673518
18.25 0.033 0.0016760071598892411
18.3 0.025 0.0002529822128134706
18.35 0.026 0.0005692099788303085
18.4 0.028 0.0015811388300841897
18.45 0.024 0.0003478505426185222
18.5 0.021 0.0007589466384404107
18.55 0.027 0.0015495160534825054
18.6 0.019 0.0006957010852370432
18.65 0.017 0.0012016655108639841
18.7 0.018 0.0006324555320336759
18.75 0.018 9.486832980505161e-05
18.8 0.015 0.0001264911064067353
18.85 0.012 0.001011928851253881
18.9 0.007 0.0018973665961010276
18.95 0.01 0.0006640783086353596
19.0
