***
16.0
91.0
14.0 0.0
14.05 0.0
14.1 0.0
14.15 0.0
14.2 0.0
14.25 0.0
14.3 0.0
14.35 0.0
14.4 0.0
14.45 0.0
14.5 0.0
14.55 0.0
14.6 0.0
14.65 0.0
14.7 0.0
14.75 0.0
14.8 0.0
14.85 1.0658670674042609e-07
14.9 1.0658670674042609e-07
14.95 1.0658670674042609e-07
15.0 2.1317341348085218e-07
15.05 0.0
15.1 1.0658670674042609e-07
15.15 1.0658670674042609e-07
15.2 3.1976012022127826e-07
15.25 1.0658670674042609e-07
15.3 3.1976012022127826e-07
15.35 4.2634682696170435e-07
15.4 4.2634682696170435e-07
15.45 8.526936539234087e-07
15.5 1.172453774144687e-06
15.55 9.592803606638347e-07
15.6 1.279040480885113e-06
15.65 1.7053873078468174e-06
15.7 1.5988006011063914e-06
15.75 3.943708149395765e-06
15.8 5.968855577463861e-06
15.85 1.1831124448187296e-05
15.9 2.803230387273206e-05
15.95 4.679156425904705e-05
16.0 0.0
16.05 0.0
16.1 0.0
16.15 0.0
16.2 0.0
16.25 0.0
16.3 0.0
16.35 0.0
16.4 0.0
16.45 0.0
16.5 0.0
16.55 0.0
16.6 0.0
16.65 0.0
16.7 0.0
16.75 0.0
16.8 0.0
16.85 0.0
16.9 0.0
16.95 0.0
17.0 0.0
17.05 0.0
17.1 0.0
17.15 0.0
17.2 0.0
17.25 0.0
17.3 0.0
17.35 0.0
17.4 0.0
17.45 0.0
17.5 0.0
17.55 0.0
17.6 0.0
17.65 0.0
17.7 0.0
17.75 0.0
17.8 0.0
17.85 0.0
17.9 0.0
17.95 0.0
18.0 0.0
18.05 0.0
18.1 0.0
18.15 0.0
18.2 0.0
18.25 0.0
18.3 0.0
18.35 0.0
18.4 0.0
18.45 0.0
18.5 0.0
18.55 0.0
18.6 0.0
18.65 0.0
18.7 0.0
18.75 0.0
18.8 0.0
18.85 0.0
18.9 0.0
18.95 0.0
19.0
***
16.0
90.66666666666667
14.0 0.0
14.05 0.0
14.1 0.0
14.15 0.0
14.2 0.0
14.25 0.0
14.3 0.0
14.35 0.0
14.4 0.0
14.45 0.0
14.5 1.0405335689656285e-07
14.55 0.0
14.6 0.0
14.65 0.0
14.7 0.0
14.75 0.0
14.8 1.0405335689656285e-07
14.85 0.0
14.9 1.0405335689656285e-07
14.95 1.0405335689656285e-07
15.0 1.0405335689656285e-07
15.05 1.0405335689656285e-07
15.1 0.0
15.15 1.0405335689656285e-07
15.2 4.162134275862514e-07
15.25 1.0405335689656285e-07
15.3 5.202667844828142e-07
15.35 3.1216007068968853e-07
15.4 7.283734982759399e-07
15.45 8.324268551725028e-07
15.5 6.243201413793771e-07
15.55 3.1216007068968853e-07
15.6 1.7689070672415683e-06
15.65 1.8729604241381313e-06
15.7 3.329707420690011e-06
15.75 4.162134275862514e-06
15.8 6.867521555173148e-06
15.85 1.0717495760345972e-05
15.9 2.2891738517243827e-05
15.95 4.786454417241891e-05
16.0 0.0
16.05 0.0
16.1 0.0
16.15 0.0
16.2 0.0
16.25 0.0
16.3 0.0
16.35 0.0
16.4 0.0
16.45 0.0
16.5 0.0
16.55 0.0
16.6 0.0
16.65 0.0
16.7 0.0
16.75 0.0
16.8 0.0
16.85 0.0
16.9 0.0
16.95 0.0
17.0 0.0
17.05 0.0
17.1 0.0
17.15 0.0
17.2 0.0
17.25 0.0
17.3 0.0
17.35 0.0
17.4 0.0
17.45 0.0
17.5 0.0
17.55 0.0
17.6 0.0
17.65 0.0
17.7 0.0
17.75 0.0
17.8 0.0
17.85 0.0
17.9 0.0
17.95 0.0
18.0 0.0
18.05 0.0
18.1 0.0
18.15 0.0
18.2 0.0
18.25 0.0
18.3 0.0
18.35 0.0
18.4 0.0
18.45 0.0
18.5 0.0
18.55 0.0
18.6 0.0
18.65 0.0
18.7 0.0
18.75 0.0
18.8 0.0
18.85 0.0
18.9 0.0
18.95 0.0
19.0
***
16.0
90.33333333333333
14.0 0.0
14.05 0.0
14.1 0.0
14.15 0.0
14.2 0.0
14.25 0.0
14.3 0.0
14.35 0.0
14.4 0.0
14.45 0.0
14.5 0.0
14.55 0.0
14.6 0.0
14.65 1.066288489682326e-07
14.7 0.0
14.75 0.0
14.8 0.0
14.85 1.066288489682326e-07
14.9 0.0
14.95 1.066288489682326e-07
15.0 1.066288489682326e-07
15.05 1.066288489682326e-07
15.1 1.066288489682326e-07
15.15 1.066288489682326e-07
15.2 2.132576979364652e-07
15.25 1.066288489682326e-07
15.3 5.33144244841163e-07
15.35 1.066288489682326e-07
15.4 4.265153958729304e-07
15.45 4.265153958729304e-07
15.5 1.066288489682326e-06
15.55 6.397730938093956e-07
15.6 1.3861750365870237e-06
15.65 2.0259481303964193e-06
15.7 2.985607771110513e-06
15.75 4.691669354602234e-06
15.8 5.864586693252793e-06
15.85 1.0876142594759726e-05
15.9 2.825664497658164e-05
15.95 4.617029160324472e-05
16.0 0.0
16.05 0.0
16.1 0.0
16.15 0.0
16.2 0.0
16.25 0.0
16.3 0.0
16.35 0.0
16.4 0.0
16.45 0.0
16.5 0.0
16.55 0.0
16.6 0.0
16.65 0.0
16.7 0.0
16.75 0.0
16.8 0.0
16.85 0.0
16.9 0.0
16.95 0.0
17.0 0.0
17.05 0.0
17.1 0.0
17.15 0.0
17.2 0.0
17.25 0.0
17.3 0.0
17.35 0.0
17.4 0.0
17.45 0.0
17.5 0.0
17.55 0.0
17.6 0.0
17.65 0.0
17.7 0.0
17.75 0.0
17.8 0.0
17.85 0.0
17.9 0.0
17.95 0.0
18.0 0.0
18.05 0.0
18.1 0.0
18.15 0.0
18.2 0.0
18.25 0.0
18.3 0.0
18.35 0.0
18.4 0.0
18.45 0.0
18.5 0.0
18.55 0.0
18.6 0.0
18.65 0.0
18.7 0.0
18.75 0.0
18.8 0.0
18.85 0.0
18.9 0.0
18.95 0.0
19.0
***
16.333333333333332
91.0
14.0 0.0
14.05 0.0
14.1 0.0
14.15 0.0
14.2 0.0
14.25 0.0
14.3 0.0
14.35 0.0
14.4 0.0
14.45 0.0
14.5 0.0
14.55 0.0
14.6 0.0
14.65 0.0
14.7 0.0
14.75 0.0
14.8 0.0
14.85 0.0
14.9 0.0
14.95 0.0
15.0 0.0
15.05 0.0
15.1 0.0
15.15 2.839681251458886e-07
15.2 0.0
15.25 0.0
15.3 2.839681251458886e-07
15.35 2.839681251458886e-07
15.4 0.0
15.45 5.679362502917772e-07
15.5 2.839681251458886e-07
15.55 5.679362502917772e-07
15.6 8.519043754376659e-07
15.65 1.1358725005835544e-06
15.7 8.519043754376659e-07
15.75 1.7038087508753318e-06
15.8 2.271745001167109e-06
15.85 2.271745001167109e-06
15.9 3.1236493766047748e-06
15.95 6.531266878355439e-06
16.0 6.2472987532095495e-06
16.05 1.3914438132148543e-05
16.1 1.9309832509920428e-05
16.15 3.095252564090186e-05
16.2 5.196616690169762e-05
16.25 8.661027816949604e-05
16.3 5.395394377771884e-05
16.35 0.0
16.4 0.0
16.45 0.0
16.5 0.0
16.55 0.0
16.6 0.0
16.65 0.0
16.7 0.0
16.75 0.0
16.8 0.0
16.85 0.0
16.9 0.0
16.95 0.0
17.0 0.0
17.05 0.0
17.1 0.0
17.15 0.0
17.2 0.0
17.25 0.0
17.3 0.0
17.35 0.0
17.4 0.0
17.45 0.0
17.5 0.0
17.55 0.0
17.6 0.0
17.65 0.0
17.7 0.0
17.75 0.0
17.8 0.0
17.85 0.0
17.9 0.0
17.95 0.0
18.0 0.0
18.05 0.0
18.1 0.0
18.15 0.0
18.2 0.0
18.25 0.0
18.3 0.0
18.35 0.0
18.4 0.0
18.45 0.0
18.5 0.0
18.55 0.0
18.6 0.0
18.65 0.0
18.7 0.0
18.75 0.0
18.8 0.0
18.85 0.0
18.9 0.0
18.95 0.0
19.0
***
16.333333333333332
90.66666666666667
14.0 0.0
14.05 0.0
14.1 0.0
14.15 0.0
14.2 0.0
14.25 0.0
14.3 0.0
14.35 0.0
14.4 0.0
14.45 0.0
14.5 0.0
14.55 0.0
14.6 0.0
14.65 0.0
14.7 0.0
14.75 0.0
14.8 0.0
14.85 0.0
14.9 0.0
14.95 0.0
15.0 0.0
15.05 0.0
15.1 0.0
15.15 5.942964184132048e-07
15.2 0.0
15.25 0.0
15.3 2.971482092066024e-07
15.35 0.0
15.4 0.0
15.45 2.971482092066024e-07
15.5 5.942964184132048e-07
15.55 0.0
15.6 5.942964184132048e-07
15.65 5.942964184132048e-07
15.7 2.971482092066024e-07
15.75 2.6743338828594215e-06
15.8 2.377185673652819e-06
15.85 3.5657785104792288e-06
15.9 6.240112393338651e-06
15.95 4.457223138099036e-06
16.0 7.725853439371663e-06
16.05 1.5451706878743326e-05
16.1 1.4560262251123517e-05
16.15 3.71435261508253e-05
16.2 5.526956691242805e-05
16.25 9.181879664484014e-05
16.3 5.2595233029568624e-05
16.35 0.0
16.4 0.0
16.45 0.0
16.5 0.0
16.55 0.0
16.6 0.0
16.65 0.0
16.7 0.0
16.75 0.0
16.8 0.0
16.85 0.0
16.9 0.0
16.95 0.0
17.0 0.0
17.05 0.0
17.1 0.0
17.15 0.0
17.2 0.0
17.25 0.0
17.3 0.0
17.35 0.0
17.4 0.0
17.45 0.0
17.5 0.0
17.55 0.0
17.6 0.0
17.65 0.0
17.7 0.0
17.75 0.0
17.8 0.0
17.85 0.0
17.9 0.0
17.95 0.0
18.0 0.0
18.05 0.0
18.1 0.0
18.15 0.0
18.2 0.0
18.25 0.0
18.3 0.0
18.35 0.0
18.4 0.0
18.45 0.0
18.5 0.0
18.55 0.0
18.6 0.0
18.65 0.0
18.7 0.0
18.75 0.0
18.8 0.0
18.85 0.0
18.9 0.0
18.95 0.0
19.0
***
16.333333333333332
90.33333333333333
14.0 0.0
14.05 0.0
14.1 0.0
14.15 0.0
14.2 0.0
14.25 0.0
14.3 0.0
14.35 0.0
14.4 0.0
14.45 0.0
14.5 0.0
14.55 0.0
14.6 0.0
14.65 0.0
14.7 0.0
14.75 0.0
14.8 0.0
14.85 0.0
14.9 3.0419398328636577e-07
14.95 0.0
15.0 0.0
15.05 0.0
15.1 0.0
15.15 0.0
15.2 0.0
15.25 0.0
15.3 0.0
15.35 6.083879665727315e-07
15.4 3.0419398328636577e-07
15.45 0.0
15.5 0.0
15.55 3.0419398328636577e-07
15.6 1.216775933145463e-06
15.65 9.125819498590974e-07
15.7 1.216775933145463e-06
15.75 1.5209699164318289e-06
15.8 1.5209699164318289e-06
15.85 3.0419398328636578e-06
15.9 4.867103732581852e-06
15.95 5.7796856824409495e-06
16.0 4.867103732581852e-06
16.05 1.1255177381595535e-05
16.1 1.8860026963754677e-05
16.15 2.8290040445632017e-05
16.2 6.570590038985501e-05
16.25 9.551691075191885e-05
16.3 5.77968568244095e-05
16.35 0.0
16.4 0.0
16.45 0.0
16.5 0.0
16.55 0.0
16.6 0.0
16.65 0.0
16.7 0.0
16.75 0.0
16.8 0.0
16.85 0.0
16.9 0.0
16.95 0.0
17.0 0.0
17.05 0.0
17.1 0.0
17.15 0.0
17.2 0.0
17.25 0.0
17.3 0.0
17.35 0.0
17.4 0.0
17.45 0.0
17.5 0.0
17.55 0.0
17.6 0.0
17.65 0.0
17.7 0.0
17.75 0.0
17.8 0.0
17.85 0.0
17.9 0.0
17.95 0.0
18.0 0.0
18.05 0.0
18.1 0.0
18.15 0.0
18.2 0.0
18.25 0.0
18.3 0.0
18.35 0.0
18.4 0.0
18.45 0.0
18.5 0.0
18.55 0.0
18.6 0.0
18.65 0.0
18.7 0.0
18.75 0.0
18.8 0.0
18.85 0.0
18.9 0.0
18.95 0.0
19.0
***
16.666666666666668
91.0
14.0 0.0
14.05 0.0
14.1 0.0
14.15 0.0
14.2 0.0
14.25 0.0
14.3 0.0
14.35 0.0
14.4 0.0
14.45 0.0
14.5 0.0
14.55 0.0
14.6 0.0
14.65 0.0
14.7 0.0
14.75 0.0
14.8 0.0
14.85 0.0
14.9 0.0
14.95 0.0
15.0 0.0
15.05 7.283543997704227e-07
15.1 0.0
15.15 0.0
15.2 0.0
15.25 0.0
15.3 0.0
15.35 0.0
15.4 7.283543997704227e-07
15.45 0.0
15.5 0.0
15.55 7.283543997704227e-07
15.6 0.0
15.65 7.283543997704227e-07
15.7 7.283543997704227e-07
15.75 0.0
15.8 2.9134175990816907e-06
15.85 2.185063199311268e-06
15.9 1.4567087995408454e-06
15.95 2.185063199311268e-06
16.0 7.283543997704227e-06
16.05 5.0984807983929585e-06
16.1 3.6417719988521133e-06
16.15 5.0984807983929585e-06
16.2 1.092531599655634e-05
16.25 1.6752151194719723e-05
16.3 2.112227759334226e-05
16.35 3.568936558875071e-05
16.4 5.899670638140424e-05
16.45 0.0001026979703676296
16.5 0.00011945012156234933
16.55 0.00015805290475018173
16.6 0.00015513948715110002
16.65 1.6023796794949298e-05
16.7 0.0
16.75 0.0
16.8 0.0
16.85 0.0
16.9 0.0
16.95 0.0
17.0 0.0
17.05 0.0
17.1 0.0
17.15 0.0
17.2 0.0
17.25 0.0
17.3 0.0
17.35 0.0
17.4 0.0
17.45 0.0
17.5 0.0
17.55 0.0
17.6 0.0
17.65 0.0
17.7 0.0
17.75 0.0
17.8 0.0
17.85 0.0
17.9 0.0
17.95 0.0
18.0 0.0
18.05 0.0
18.1 0.0
18.15 0.0
18.2 0.0
18.25 0.0
18.3 0.0
18.35 0.0
18.4 0.0
18.45 0.0
18.5 0.0
18.55 0.0
18.6 0.0
18.65 0.0
18.7 0.0
18.75 0.0
18.8 0.0
18.85 0.0
18.9 0.0
18.95 0.0
19.0
***
16.666666666666668
90.66666666666667
14.0 0.0
14.05 0.0
14.1 0.0
14.15 0.0
14.2 0.0
14.25 0.0
14.3 0.0
14.35 0.0
14.4 0.0
14.45 0.0
14.5 0.0
14.55 0.0
14.6 0.0
14.65 0.0
14.7 0.0
14.75 0.0
14.8 0.0
14.85 0.0
14.9 0.0
14.95 0.0
15.0 0.0
15.05 0.0
15.1 0.0
15.15 0.0
15.2 0.0
15.25 0.0
15.3 0.0
15.35 0.0
15.4 7.06422225738635e-07
15.45 0.0
15.5 0.0
15.55 0.0
15.6 0.0
15.65 1.41284445147727e-06
15.7 1.41284445147727e-06
15.75 0.0
15.8 2.1192666772159052e-06
15.85 2.82568890295454e-06
15.9 3.5321111286931755e-06
15.95 2.1192666772159052e-06
16.0 4.2385333544318104e-06
16.05 3.5321111286931755e-06
16.1 2.82568890295454e-06
16.15 5.65137780590908e-06
16.2 9.88991116034089e-06
16.25 1.3422022289034067e-05
16.3 1.9073400094943147e-05
16.35 4.309175577005674e-05
16.4 6.428442254221579e-05
16.45 9.112846712028393e-05
16.5 0.00012221104505278388
16.55 0.00014764224517937473
16.6 0.0001426972895992043
16.65 2.260551122363632e-05
16.7 0.0
16.75 0.0
16.8 0.0
16.85 0.0
16.9 0.0
16.95 0.0
17.0 0.0
17.05 0.0
17.1 0.0
17.15 0.0
17.2 0.0
17.25 0.0
17.3 0.0
17.35 0.0
17.4 0.0
17.45 0.0
17.5 0.0
17.55 0.0
17.6 0.0
17.65 0.0
17.7 0.0
17.75 0.0
17.8 0.0
17.85 0.0
17.9 0.0
17.95 0.0
18.0 0.0
18.05 0.0
18.1 0.0
18.15 0.0
18.2 0.0
18.25 0.0
18.3 0.0
18.35 0.0
18.4 0.0
18.45 0.0
18.5 0.0
18.55 0.0
18.6 0.0
18.65 0.0
18.7 0.0
18.75 0.0
18.8 0.0
18.85 0.0
18.9 0.0
18.95 0.0
19.0
***
16.666666666666668
90.33333333333333
14.0 0.0
14.05 0.0
14.1 0.0
14.15 0.0
14.2 0.0
14.25 0.0
14.3 0.0
14.35 0.0
14.4 0.0
14.45 0.0
14.5 0.0
14.55 0.0
14.6 0.0
14.65 0.0
14.7 0.0
14.75 0.0
14.8 0.0
14.85 0.0
14.9 0.0
14.95 0.0
15.0 0.0
15.05 0.0
15.1 0.0
15.15 0.0
15.2 0.0
15.25 0.0
15.3 7.811749339711887e-07
15.35 7.811749339711887e-07
15.4 0.0
15.45 0.0
15.5 0.0
15.55 0.0
15.6 0.0
15.65 0.0
15.7 0.0
15.75 7.811749339711887e-07
15.8 7.811749339711887e-07
15.85 2.3435248019135663e-06
15.9 4.6870496038271326e-06
15.95 1.5623498679423773e-06
16.0 1.5623498679423773e-06
16.05 8.592924273683075e-06
16.1 8.592924273683075e-06
16.15 7.811749339711887e-06
16.2 7.0305744057406984e-06
16.25 2.1091723217222094e-05
16.3 2.6559947755020417e-05
16.35 4.374579630238657e-05
16.4 6.718104432152223e-05
16.45 9.452216701051383e-05
16.5 0.0001320185638411309
16.55 0.00017420201027557508
16.6 0.0001445173627846699
16.65 3.202817229281874e-05
16.7 0.0
16.75 0.0
16.8 0.0
16.85 0.0
16.9 0.0
16.95 0.0
17.0 0.0
17.05 0.0
17.1 0.0
17.15 0.0
17.2 0.0
17.25 0.0
17.3 0.0
17.35 0.0
17.4 0.0
17.45 0.0
17.5 0.0
17.55 0.0
17.6 0.0
17.65 0.0
17.7 0.0
17.75 0.0
17.8 0.0
17.85 0.0
17.9 0.0
17.95 0.0
18.0 0.0
18.05 0.0
18.1 0.0
18.15 0.0
18.2 0.0
18.25 0.0
18.3 0.0
18.35 0.0
18.4 0.0
18.45 0.0
18.5 0.0
18.55 0.0
18.6 0.0
18.65 0.0
18.7 0.0
18.75 0.0
18.8 0.0
18.85 0.0
18.9 0.0
18.95 0.0
19.0
***
17.0
91.0
14.0 0.0
14.05 0.0
14.1 0.0
14.15 0.0
14.2 0.0
14.25 0.0
14.3 0.0
14.35 0.0
14.4 0.0
14.45 0.0
14.5 0.0
14.55 0.0
14.6 0.0
14.65 0.0
14.7 0.0
14.75 0.0
14.8 0.0
14.85 0.0
14.9 0.0
14.95 0.0
15.0 0.0
15.05 0.0
15.1 0.0
15.15 0.0
15.2 0.0
15.25 0.0
15.3 0.0
15.35 0.0
15.4 0.0
15.45 0.0
15.5 0.0
15.55 0.0
15.6 0.0
15.65 0.0
15.7 0.0
15.75 3.4588432244720077e-06
15.8 0.0
15.85 0.0
15.9 1.7294216122360039e-06
15.95 3.4588432244720077e-06
16.0 1.7294216122360039e-06
16.05 5.188264836708011e-06
16.1 1.7294216122360039e-06
16.15 6.9176864489440155e-06
16.2 3.4588432244720077e-06
16.25 1.3835372897888031e-05
16.3 6.9176864489440155e-06
16.35 1.7294216122360037e-05
16.4 2.248248095906805e-05
16.45 3.458843224472007e-05
16.5 5.361206997931612e-05
16.55 6.744744287720414e-05
16.6 0.00010203587512192422
16.65 0.00015218910187676834
16.7 0.0001746715828358364
16.75 0.0001798598476725444
16.8 0.00020580117185608446
16.85 0.00020234232863161245
16.9 0.0002888134092434126
16.95 0.00017640100444807238
17.0 0.0
17.05 0.0
17.1 0.0
17.15 0.0
17.2 0.0
17.25 0.0
17.3 0.0
17.35 0.0
17.4 0.0
17.45 0.0
17.5 0.0
17.55 0.0
17.6 0.0
17.65 0.0
17.7 0.0
17.75 0.0
17.8 0.0
17.85 0.0
17.9 0.0
17.95 0.0
18.0 0.0
18.05 0.0
18.1 0.0
18.15 0.0
18.2 0.0
18.25 0.0
18.3 0.0
18.35 0.0
18.4 0.0
18.45 0.0
18.5 0.0
18.55 0.0
18.6 0.0
18.65 0.0
18.7 0.0
18.75 0.0
18.8 0.0
18.85 0.0
18.9 0.0
18.95 0.0
19.0
***
17.0
90.66666666666667
14.0 0.0
14.05 0.0
14.1 0.0
14.15 0.0
14.2 0.0
14.25 0.0
14.3 0.0
14.35 0.0
14.4 0.0
14.45 0.0
14.5 0.0
14.55 0.0
14.6 0.0
14.65 0.0
14.7 0.0
14.75 0.0
14.8 0.0
14.85 0.0
14.9 0.0
14.95 0.0
15.0 0.0
15.05 0.0
15.1 0.0
15.15 0.0
15.2 0.0
15.25 0.0
15.3 0.0
15.35 1.7934195848592344e-06
15.4 1.7934195848592344e-06
15.45 0.0
15.5 0.0
15.55 1.7934195848592344e-06
15.6 0.0
15.65 1.7934195848592344e-06
15.7 0.0
15.75 0.0
15.8 0.0
15.85 0.0
15.9 3.586839169718469e-06
15.95 0.0
16.0 1.7934195848592344e-06
16.05 3.586839169718469e-06
16.1 3.586839169718469e-06
16.15 3.586839169718469e-06
16.2 1.4347356678873875e-05
16.25 7.173678339436938e-06
16.3 1.2553937094014641e-05
16.35 3.228155252746622e-05
16.4 2.869471335774775e-05
16.45 5.73894267154955e-05
16.5 3.945523086690316e-05
16.55 8.608414007324326e-05
16.6 0.00012195253177042794
16.65 0.00012374595135528717
16.7 0.0001775485389010642
16.75 0.0001775485389010642
16.8 0.00023673138520141895
16.85 0.0002582524202197298
16.9 0.0002385248047862782
16.95 0.0001560275038827534
17.0 0.0
17.05 0.0
17.1 0.0
17.15 0.0
17.2 0.0
17.25 0.0
17.3 0.0
17.35 0.0
17.4 0.0
17.45 0.0
17.5 0.0
17.55 0.0
17.6 0.0
17.65 0.0
17.7 0.0
17.75 0.0
17.8 0.0
17.85 0.0
17.9 0.0
17.95 0.0
18.0 0.0
18.05 0.0
18.1 0.0
18.15 0.0
18.2 0.0
18.25 0.0
18.3 0.0
18.35 0.0
18.4 0.0
18.45 0.0
18.5 0.0
18.55 0.0
18.6 0.0
18.65 0.0
18.7 0.0
18.75 0.0
18.8 0.0
18.85 0.0
18.9 0.0
18.95 0.0
19.0
***
17.0
90.33333333333333
14.0 0.0
14.05 0.0
14.1 0.0
14.15 0.0
14.2 0.0
14.25 0.0
14.3 0.0
14.35 0.0
14.4 0.0
14.45 0.0
14.5 0.0
14.55 0.0
14.6 0.0
14.65 0.0
14.7 0.0
14.75 0.0
14.8 0.0
14.85 0.0
14.9 0.0
14.95 0.0
15.0 0.0
15.05 1.9041888345983494e-06
15.1 0.0
15.15 0.0
15.2 0.0
15.25 0.0
15.3 0.0
15.35 0.0
15.4 1.9041888345983494e-06
15.45 0.0
15.5 0.0
15.55 1.9041888345983494e-06
15.6 0.0
15.65 0.0
15.7 0.0
15.75 1.9041888345983494e-06
15.8 0.0
15.85 0.0
15.9 0.0
15.95 1.9041888345983494e-06
16.0 0.0
16.05 1.9041888345983494e-06
16.1 3.808377669196699e-06
16.15 1.9041888345983494e-06
16.2 3.808377669196699e-06
16.25 1.1425133007590097e-05
16.3 1.5233510676786795e-05
16.35 2.0946077180581844e-05
16.4 2.2850266015180193e-05
16.45 5.3317287368753784e-05
16.5 5.1413098534155435e-05
16.55 7.235917571473728e-05
16.6 0.00010853876357210592
16.65 0.0001428141625948762
16.7 0.00017518537278304815
16.75 0.0002075565829712201
16.8 0.00022659847131720358
16.85 0.00028753251402435076
16.9 0.0003008618358665392
16.95 0.00018661050579063824
17.0 0.0
17.05 0.0
17.1 0.0
17.15 0.0
17.2 0.0
17.25 0.0
17.3 0.0
17.35 0.0
17.4 0.0
17.45 0.0
17.5 0.0
17.55 0.0
17.6 0.0
17.65 0.0
17.7 0.0
17.75 0.0
17.8 0.0
17.85 0.0
17.9 0.0
17.95 0.0
18.0 0.0
18.05 0.0
18.1 0.0
18.15 0.0
18.2 0.0
18.25 0.0
18.3 0.0
18.35 0.0
18.4 0.0
18.45 0.0
18.5 0.0
18.55 0.0
18.6 0.0
18.65 0.0
18.7 0.0
18.75 0.0
18.8 0.0
18.85 0.0
18.9 0.0
18.95 0.0
19.0
***
17.333333333333332
91.0
14.0 0.0
14.05 0.0
14.1 0.0
14.15 0.0
14.2 0.0
14.25 0.0
14.3 0.0
14.35 0.0
14.4 0.0
14.45 0.0
14.5 0.0
14.55 0.0
14.6 0.0
14.65 0.0
14.7 0.0
14.75 0.0
14.8 0.0
14.85 0.0
14.9 0.0
14.95 0.0
15.0 0.0
15.05 0.0
15.1 0.0
15.15 0.0
15.2 0.0
15.25 0.0
15.3 0.0
15.35 0.0
15.4 0.0
15.45 0.0
15.5 0.0
15.55 0.0
15.6 0.0
15.65 0.0
15.7 0.0
15.75 3.739016638624042e-06
15.8 0.0
15.85 0.0
15.9 0.0
15.95 0.0
16.0 0.0
16.05 3.739016638624042e-06
16.1 3.739016638624042e-06
16.15 3.739016638624042e-06
16.2 3.739016638624042e-06
16.25 7.478033277248084e-06
16.3 1.1217049915872125e-05
16.35 1.1217049915872125e-05
16.4 7.478033277248084e-06
16.45 2.9912133108992335e-05
16.5 6.356328285660871e-05
16.55 7.104131613385679e-05
16.6 4.8607216302112544e-05
16.65 7.478033277248083e-05
16.7 0.0001869508319312021
16.75 0.00016451673209945785
16.8 0.0001607777154608338
16.85 0.00022808001495606655
16.9 0.00021686296504019444
16.95 0.00027668723125817907
17.0 0.0003140773976444195
17.05 0.0003140773976444195
17.1 0.00037016264722378016
17.15 0.00038137969713965226
17.2 0.0003215554309216676
17.25 0.00035146756403065996
17.3 0.00010843148252009722
17.35 0.0
17.4 0.0
17.45 0.0
17.5 0.0
17.55 0.0
17.6 0.0
17.65 0.0
17.7 0.0
17.75 0.0
17.8 0.0
17.85 0.0
17.9 0.0
17.95 0.0
18.0 0.0
18.05 0.0
18.1 0.0
18.15 0.0
18.2 0.0
18.25 0.0
18.3 0.0
18.35 0.0
18.4 0.0
18.45 0.0
18.5 0.0
18.55 0.0
18.6 0.0
18.65 0.0
18.7 0.0
18.75 0.0
18.8 0.0
18.85 0.0
18.9 0.0
18.95 0.0
19.0
***
17.333333333333332
90.66666666666667
14.0 0.0
14.05 0.0
14.1 0.0
14.15 0.0
14.2 0.0
14.25 0.0
14.3 0.0
14.35 0.0
14.4 0.0
14.45 0.0
14.5 0.0
14.55 0.0
14.6 0.0
14.65 0.0
14.7 0.0
14.75 0.0
14.8 0.0
14.85 0.0
14.9 0.0
14.95 0.0
15.0 0.0
15.05 0.0
15.1 0.0
15.15 0.0
15.2 0.0
15.25 0.0
15.3 0.0
15.35 0.0
15.4 0.0
15.45 0.0
15.5 0.0
15.55 0.0
15.6 0.0
15.65 0.0
15.7 0.0
15.75 0.0
15.8 0.0
15.85 0.0
15.9 0.0
15.95 0.0
16.0 0.0
16.05 0.0
16.1 0.0
16.15 0.0
16.2 1.094503040894282e-05
16.25 3.6483434696476066e-06
16.3 3.6483434696476066e-06
16.35 1.094503040894282e-05
16.4 1.4593373878590426e-05
16.45 2.9186747757180852e-05
16.5 1.824171734823803e-05
16.55 3.648343469647606e-05
16.6 7.661521286259974e-05
16.65 0.0001130986475590758
16.7 9.120858674119016e-05
16.75 0.00015687876919484708
16.8 0.0001751204865430851
16.85 0.0002152522647092088
16.9 0.00024079066899674204
16.95 0.00031010919492004656
17.0 0.0002918674775718085
17.05 0.00036483434696476066
17.1 0.0003392959426772274
17.15 0.0003502409730861702
17.2 0.0004013177816612367
17.25 0.0002772741036932181
17.3 0.0001130986475590758
17.35 0.0
17.4 0.0
17.45 0.0
17.5 0.0
17.55 0.0
17.6 0.0
17.65 0.0
17.7 0.0
17.75 0.0
17.8 0.0
17.85 0.0
17.9 0.0
17.95 0.0
18.0 0.0
18.05 0.0
18.1 0.0
18.15 0.0
18.2 0.0
18.25 0.0
18.3 0.0
18.35 0.0
18.4 0.0
18.45 0.0
18.5 0.0
18.55 0.0
18.6 0.0
18.65 0.0
18.7 0.0
18.75 0.0
18.8 0.0
18.85 0.0
18.9 0.0
18.95 0.0
19.0
***
17.333333333333332
90.33333333333333
14.0 0.0
14.05 0.0
14.1 0.0
14.15 0.0
14.2 0.0
14.25 0.0
14.3 0.0
14.35 0.0
14.4 0.0
14.45 0.0
14.5 0.0
14.55 0.0
14.6 0.0
14.65 0.0
14.7 0.0
14.75 0.0
14.8 0.0
14.85 0.0
14.9 0.0
14.95 0.0
15.0 0.0
15.05 0.0
15.1 0.0
15.15 0.0
15.2 0.0
15.25 0.0
15.3 0.0
15.35 0.0
15.4 0.0
15.45 0.0
15.5 0.0
15.55 0.0
15.6 0.0
15.65 0.0
15.7 0.0
15.75 0.0
15.8 0.0
15.85 0.0
15.9 4.123252256449797e-06
15.95 0.0
16.0 0.0
16.05 4.123252256449797e-06
16.1 8.246504512899594e-06
16.15 1.2369756769349392e-05
16.2 4.123252256449797e-06
16.25 0.0
16.3 8.246504512899594e-06
16.35 2.0616261282248987e-05
16.4 2.4739513538698783e-05
16.45 3.7109270308048175e-05
16.5 4.1232522564497975e-05
16.55 7.421854061609635e-05
16.6 9.895805415479513e-05
16.65 8.658829738544574e-05
16.7 0.00014019057671929311
16.75 0.00014019057671929311
16.8 0.00019791610830959027
16.85 0.0002721346489256866
16.9 0.00023502537861763844
16.95 0.00034222993728533316
17.0 0.0003339834327724336
17.05 0.00041232522564497976
17.1 0.000387585712106281
17.15 0.00039170896436273073
17.2 0.00040407872113208015
17.25 0.000325736928259534
17.3 0.00011545106318059433
17.35 0.0
17.4 0.0
17.45 0.0
17.5 0.0
17.55 0.0
17.6 0.0
17.65 0.0
17.7 0.0
17.75 0.0
17.8 0.0
17.85 0.0
17.9 0.0
17.95 0.0
18.0 0.0
18.05 0.0
18.1 0.0
18.15 0.0
18.2 0.0
18.25 0.0
18.3 0.0
18.35 0.0
18.4 0.0
18.45 0.0
18.5 0.0
18.55 0.0
18.6 0.0
18.65 0.0
18.7 0.0
18.75 0.0
18.8 0.0
18.85 0.0
18.9 0.0
18.95 0.0
19.0
***
17.666666666666668
91.0
14.0 0.0
14.05 0.0
14.1 0.0
14.15 0.0
14.2 0.0
14.25 0.0
14.3 0.0
14.35 0.0
14.4 0.0
14.45 0.0
14.5 0.0
14.55 0.0
14.6 0.0
14.65 0.0
14.7 0.0
14.75 0.0
14.8 0.0
14.85 0.0
14.9 0.0
14.95 0.0
15.0 0.0
15.05 0.0
15.1 0.0
15.15 0.0
15.2 0.0
15.25 0.0
15.3 0.0
15.35 0.0
15.4 0.0
15.45 0.0
15.5 0.0
15.55 0.0
15.6 6.760913805109899e-06
15.65 0.0
15.7 0.0
15.75 0.0
15.8 0.0
15.85 0.0
15.9 0.0
15.95 0.0
16.0 0.0
16.05 0.0
16.1 6.760913805109899e-06
16.15 0.0
16.2 0.0
16.25 6.760913805109899e-06
16.3 0.0
16.35 1.3521827610219798e-05
16.4 0.0
16.45 3.3804569025549495e-05
16.5 4.7326396635769293e-05
16.55 7.437005185620888e-05
16.6 3.3804569025549495e-05
16.65 0.00010141370707664848
16.7 0.00012845736229708806
16.75 0.00019606650034818707
16.8 0.00025015381078906623
16.85 0.00014874010371241777
16.9 0.00032452386264527516
16.95 0.00019606650034818707
17.0 0.0003110020350350553
17.05 0.00033804569025549494
17.1 0.0004124157421117038
17.15 0.00039213300069637413
17.2 0.0004259375697219236
17.25 0.000534112190603682
17.3 0.000534112190603682
17.35 0.0005138294491883522
17.4 0.00037861117308615435
17.45 0.00029748020742483553
17.5 0.0004800248801628028
17.55 0.00029748020742483553
17.6 0.00022311015556862666
17.65 4.7326396635769293e-05
17.7 0.0
17.75 0.0
17.8 0.0
17.85 0.0
17.9 0.0
17.95 0.0
18.0 0.0
18.05 0.0
18.1 0.0
18.15 0.0
18.2 0.0
18.25 0.0
18.3 0.0
18.35 0.0
18.4 0.0
18.45 0.0
18.5 0.0
18.55 0.0
18.6 0.0
18.65 0.0
18.7 0.0
18.75 0.0
18.8 0.0
18.85 0.0
18.9 0.0
18.95 0.0
19.0
***
17.666666666666668
90.66666666666667
14.0 0.0
14.05 0.0
14.1 0.0
14.15 0.0
14.2 0.0
14.25 0.0
14.3 0.0
14.35 0.0
14.4 0.0
14.45 0.0
14.5 0.0
14.55 0.0
14.6 0.0
14.65 0.0
14.7 0.0
14.75 0.0
14.8 0.0
14.85 0.0
14.9 0.0
14.95 0.0
15.0 0.0
15.05 0.0
15.1 0.0
15.15 0.0
15.2 0.0
15.25 0.0
15.3 0.0
15.35 0.0
15.4 0.0
15.45 0.0
15.5 0.0
15.55 0.0
15.6 0.0
15.65 0.0
15.7 0.0
15.75 0.0
15.8 0.0
15.85 0.0
15.9 0.0
15.95 0.0
16.0 0.0
16.05 7.160502667287243e-06
16.1 0.0
16.15 0.0
16.2 0.0
16.25 0.0
16.3 1.4321005334574486e-05
16.35 7.160502667287243e-06
16.4 7.160502667287243e-06
16.45 2.8642010669148973e-05
16.5 3.580251333643622e-05
16.55 1.4321005334574486e-05
16.6 7.160502667287244e-05
16.65 0.0001002470373420214
16.7 0.0001002470373420214
16.75 0.00019333357201675556
16.8 0.00013604955067845762
16.85 0.0001790125666821811
16.9 0.00024345709068776628
16.95 0.00030074111202606425
17.0 0.00038666714403351113
17.05 0.0003293831226952132
17.1 0.00045827217070638356
17.15 0.0003938276467007984
17.2 0.0005155561920446815
17.25 0.00038666714403351113
17.3 0.0005083956893773943
17.35 0.0005728402133829795
17.4 0.0005012351867101071
17.45 0.00045827217070638356
17.5 0.0004296301600372346
17.55 0.00047259317604095806
17.6 0.00023629658802047903
17.65 7.160502667287244e-05
17.7 0.0
17.75 0.0
17.8 0.0
17.85 0.0
17.9 0.0
17.95 0.0
18.0 0.0
18.05 0.0
18.1 0.0
18.15 0.0
18.2 0.0
18.25 0.0
18.3 0.0
18.35 0.0
18.4 0.0
18.45 0.0
18.5 0.0
18.55 0.0
18.6 0.0
18.65 0.0
18.7 0.0
18.75 0.0
18.8 0.0
18.85 0.0
18.9 0.0
18.95 0.0
19.0
***
17.666666666666668
90.33333333333333
14.0 0.0
14.05 0.0
14.1 0.0
14.15 0.0
14.2 0.0
14.25 0.0
14.3 0.0
14.35 0.0
14.4 0.0
14.45 0.0
14.5 0.0
14.55 0.0
14.6 0.0
14.65 0.0
14.7 0.0
14.75 0.0
14.8 0.0
14.85 0.0
14.9 0.0
14.95 0.0
15.0 0.0
15.05 0.0
15.1 0.0
15.15 0.0
15.2 0.0
15.25 0.0
15.3 0.0
15.35 0.0
15.4 0.0
15.45 0.0
15.5 0.0
15.55 0.0
15.6 0.0
15.65 0.0
15.7 0.0
15.75 0.0
15.8 0.0
15.85 0.0
15.9 0.0
15.95 0.0
16.0 0.0
16.05 0.0
16.1 0.0
16.15 0.0
16.2 0.0
16.25 7.925060626713795e-06
16.3 0.0
16.35 0.0
16.4 3.170024250685518e-05
16.45 2.3775181880141382e-05
16.5 2.3775181880141382e-05
16.55 3.170024250685518e-05
16.6 3.170024250685518e-05
16.65 6.340048501371036e-05
16.7 0.00011887590940070691
16.75 0.00015057615190756208
16.8 0.00017435133378770348
16.85 0.00018227639441441727
16.9 0.00026152700068155524
16.95 0.0004200282132158311
17.0 0.00035662772820212077
17.05 0.0004200282132158311
17.1 0.00045965351634940006
17.15 0.0004438033950959725
17.2 0.0004517284557226863
17.25 0.0006657050926439587
17.3 0.000538904122616538
17.35 0.0005309790619898242
17.4 0.0006102296682569621
17.45 0.0006023046076302483
17.5 0.0005706043651233932
17.55 0.0003804029100822621
17.6 0.0003170024250685518
17.65 4.7550363760282764e-05
17.7 0.0
17.75 0.0
17.8 0.0
17.85 0.0
17.9 0.0
17.95 0.0
18.0 0.0
18.05 0.0
18.1 0.0
18.15 0.0
18.2 0.0
18.25 0.0
18.3 0.0
18.35 0.0
18.4 0.0
18.45 0.0
18.5 0.0
18.55 0.0
18.6 0.0
18.65 0.0
18.7 0.0
18.75 0.0
18.8 0.0
18.85 0.0
18.9 0.0
18.95 0.0
19.0
***
18.0
91.0
14.0 0.0
14.05 0.0
14.1 0.0
14.15 0.0
14.2 0.0
14.25 0.0
14.3 0.0
14.35 0.0
14.4 0.0
14.45 0.0
14.5 0.0
14.55 0.0
14.6 0.0
14.65 0.0
14.7 0.0
14.75 0.0
14.8 0.0
14.85 0.0
14.9 0.0
14.95 0.0
15.0 0.0
15.05 0.0
15.1 0.0
15.15 0.0
15.2 0.0
15.25 0.0
15.3 0.0
15.35 0.0
15.4 0.0
15.45 0.0
15.5 0.0
15.55 0.0
15.6 0.0
15.65 0.0
15.7 0.0
15.75 0.0
15.8 0.0
15.85 0.0
15.9 1.1467495384333109e-05
15.95 0.0
16.0 0.0
16.05 0.0
16.1 0.0
16.15 0.0
16.2 0.0
16.25 0.0
16.3 0.0
16.35 0.0
16.4 1.1467495384333109e-05
16.45 0.0
16.5 5.733747692166554e-05
16.55 1.1467495384333109e-05
16.6 6.880497230599864e-05
16.65 6.880497230599864e-05
16.7 0.00013760994461199728
16.75 9.173996307466487e-05
16.8 0.0001490774399963304
16.85 0.00018347992614932974
16.9 0.00036695985229865947
16.95 0.0004472323199889912
17.0 0.0002866873846083277
17.05 0.0004357648246046581
17.1 0.0004013623384516588
17.15 0.0005963097599853216
17.2 0.0005619072738323223
17.25 0.0005045697969106568
17.3 0.000527504787679323
17.35 0.000538972283063656
17.4 0.0006765822276756534
17.45 0.0005963097599853216
17.5 0.0005619072738323223
17.55 0.0006995172184443196
17.6 0.0005733747692166554
17.65 0.0005045697969106568
17.7 0.0004586998153733243
17.75 0.0005733747692166554
17.8 0.0004357648246046581
17.85 0.00041282983383599187
17.9 0.0002866873846083277
17.95 0.00022934990768666216
18.0 0.0
18.05 0.0
18.1 0.0
18.15 0.0
18.2 0.0
18.25 0.0
18.3 0.0
18.35 0.0
18.4 0.0
18.45 0.0
18.5 0.0
18.55 0.0
18.6 0.0
18.65 0.0
18.7 0.0
18.75 0.0
18.8 0.0
18.85 0.0
18.9 0.0
18.95 0.0
19.0
***
18.0
90.66666666666667
14.0 0.0
14.05 0.0
14.1 0.0
14.15 0.0
14.2 0.0
14.25 0.0
14.3 0.0
14.35 0.0
14.4 0.0
14.45 0.0
14.5 0.0
14.55 0.0
14.6 0.0
14.65 0.0
14.7 0.0
14.75 0.0
14.8 0.0
14.85 0.0
14.9 0.0
14.95 0.0
15.0 0.0
15.05 0.0
15.1 0.0
15.15 0.0
15.2 0.0
15.25 0.0
15.3 0.0
15.35 0.0
15.4 0.0
15.45 0.0
15.5 0.0
15.55 0.0
15.6 0.0
15.65 0.0
15.7 0.0
15.75 0.0
15.8 0.0
15.85 0.0
15.9 0.0
15.95 0.0
16.0 0.0
16.05 0.0
16.1 0.0
16.15 0.0
16.2 0.0
16.25 0.0
16.3 0.0
16.35 1.2963611143520139e-05
16.4 6.48180557176007e-05
16.45 2.5927222287040277e-05
16.5 5.1854444574080554e-05
16.55 1.2963611143520139e-05
16.6 5.1854444574080554e-05
16.65 0.00011667250029168125
16.7 0.00010370888914816111
16.75 7.778166686112083e-05
16.8 0.0002592722228704028
16.85 0.00036298111201856387
16.9 0.0003240902785880035
16.95 0.0002981630563009632
17.0 0.00027223583401392293
17.05 0.0005055808345972854
17.1 0.00041483555659264443
17.15 0.0005574352791713659
17.2 0.0005185444457408056
17.25 0.0005185444457408056
17.3 0.0006222533348889666
17.35 0.0006611441683195271
17.4 0.0005574352791713659
17.45 0.0005963261126019264
17.5 0.0007907802797547284
17.55 0.0006092897237454465
17.6 0.0006870713906065674
17.65 0.0007000350017500875
17.7 0.0007000350017500875
17.75 0.0006741077794630472
17.8 0.0005833625014584063
17.85 0.0004926172234537652
17.9 0.000466690001166725
17.95 0.00027223583401392293
18.0 0.0
18.05 0.0
18.1 0.0
18.15 0.0
18.2 0.0
18.25 0.0
18.3 0.0
18.35 0.0
18.4 0.0
18.45 0.0
18.5 0.0
18.55 0.0
18.6 0.0
18.65 0.0
18.7 0.0
18.75 0.0
18.8 0.0
18.85 0.0
18.9 0.0
18.95 0.0
19.0
***
18.0
90.33333333333333
14.0 0.0
14.05 0.0
14.1 0.0
14.15 0.0
14.2 0.0
14.25 0.0
14.3 0.0
14.35 0.0
14.4 0.0
14.45 0.0
14.5 0.0
14.55 0.0
14.6 0.0
14.65 0.0
14.7 0.0
14.75 0.0
14.8 0.0
14.85 0.0
14.9 0.0
14.95 0.0
15.0 0.0
15.05 0.0
15.1 0.0
15.15 0.0
15.2 0.0
15.25 0.0
15.3 0.0
15.35 0.0
15.4 0.0
15.45 0.0
15.5 0.0
15.55 0.0
15.6 0.0
15.65 0.0
15.7 0.0
15.75 0.0
15.8 0.0
15.85 0.0
15.9 0.0
15.95 0.0
16.0 0.0
16.05 0.0
16.1 0.0
16.15 0.0
16.2 0.0
16.25 0.0
16.3 0.0
16.35 0.0
16.4 0.0
16.45 4.1479433114414105e-05
16.5 1.3826477704804702e-05
16.55 6.91323885240235e-05
16.6 0.00011061182163843761
16.65 8.295886622882821e-05
16.7 0.00016591773245765642
16.75 0.0001935706878672658
16.8 0.0001935706878672658
16.85 0.00022122364327687523
16.9 0.0002350501209816799
16.95 0.00033183546491531284
17.0 0.00044244728655375046
17.05 0.000553059108192188
17.1 0.0006221914967162116
17.15 0.0006221914967162116
17.2 0.0006636709298306257
17.25 0.0005115796750777739
17.3 0.0007328033183546491
17.35 0.0005668855858969928
17.4 0.0006636709298306257
17.45 0.000788109229173868
17.5 0.0007742827514690632
17.55 0.0005945385413066021
17.6 0.0008295886622882821
17.65 0.0008019357068786726
17.7 0.0006636709298306257
17.75 0.000649844452125821
17.8 0.0004701002419633598
17.85 0.00041479433114414104
17.9 0.0005807120636017975
17.95 0.00022122364327687523
18.0 0.0
18.05 0.0
18.1 0.0
18.15 0.0
18.2 0.0
18.25 0.0
18.3 0.0
18.35 0.0
18.4 0.0
18.45 0.0
18.5 0.0
18.55 0.0
18.6 0.0
18.65 0.0
18.7 0.0
18.75 0.0
18.8 0.0
18.85 0.0
18.9 0.0
18.95 0.0
19.0
***
18.333333333333332
91.0
14.0 0.0
14.05 0.0
14.1 0.0
14.15 0.0
14.2 0.0
14.25 0.0
14.3 0.0
14.35 0.0
14.4 0.0
14.45 0.0
14.5 0.0
14.55 0.0
14.6 0.0
14.65 0.0
14.7 0.0
14.75 0.0
14.8 0.0
14.85 0.0
14.9 0.0
14.95 0.0
15.0 0.0
15.05 0.0
15.1 0.0
15.15 0.0
15.2 0.0
15.25 0.0
15.3 0.0
15.35 0.0
15.4 0.0
15.45 0.0
15.5 0.0
15.55 0.0
15.6 0.0
15.65 0.0
15.7 0.0
15.75 0.0
15.8 0.0
15.85 0.0
15.9 0.0
15.95 1.7101032902387305e-05
16.0 0.0
16.05 0.0
16.1 0.0
16.15 0.0
16.2 0.0
16.25 0.0
16.3 0.0
16.35 0.0
16.4 3.420206580477461e-05
16.45 5.130309870716191e-05
16.5 1.7101032902387305e-05
16.55 6.840413160954922e-05
16.6 6.840413160954922e-05
16.65 8.550516451193652e-05
16.7 6.840413160954922e-05
16.75 0.00010260619741432382
16.8 0.00027361652643819687
16.85 0.00018811136192626034
16.9 0.00027361652643819687
16.95 0.00027361652643819687
17.0 0.0003762227238525207
17.05 0.0004959299541692318
17.1 0.000564334085778781
17.15 0.0005130309870716191
17.2 0.0005130309870716191
17.25 0.00046172788836445724
17.3 0.0006840413160954922
17.35 0.00046172788836445724
17.4 0.0007182433819002668
17.45 0.0007011423489978795
17.5 0.0008892537109241398
17.55 0.000786647513509816
17.6 0.0007011423489978795
17.65 0.0008037485464122033
17.7 0.0006669402831931049
17.75 0.0004959299541692318
17.8 0.0006669402831931049
17.85 0.0006840413160954922
17.9 0.0007011423489978795
17.95 0.0008208495793145906
18.0 0.0005472330528763937
18.05 0.00047882892126684454
18.1 0.0004446268554620699
18.15 0.0004275258225596826
18.2 0.0004959299541692318
18.25 0.0003420206580477461
18.3 0.00013680826321909844
18.35 0.0
18.4 0.0
18.45 0.0
18.5 0.0
18.55 0.0
18.6 0.0
18.65 0.0
18.7 0.0
18.75 0.0
18.8 0.0
18.85 0.0
18.9 0.0
18.95 0.0
19.0
***
18.333333333333332
90.66666666666667
14.0 0.0
14.05 0.0
14.1 0.0
14.15 0.0
14.2 0.0
14.25 0.0
14.3 0.0
14.35 0.0
14.4 0.0
14.45 0.0
14.5 0.0
14.55 0.0
14.6 0.0
14.65 0.0
14.7 0.0
14.75 0.0
14.8 0.0
14.85 0.0
14.9 0.0
14.95 0.0
15.0 0.0
15.05 0.0
15.1 0.0
15.15 0.0
15.2 0.0
15.25 0.0
15.3 0.0
15.35 0.0
15.4 0.0
15.45 0.0
15.5 0.0
15.55 0.0
15.6 0.0
15.65 0.0
15.7 0.0
15.75 0.0
15.8 0.0
15.85 0.0
15.9 0.0
15.95 2.0169423154497783e-05
16.0 0.0
16.05 0.0
16.1 0.0
16.15 0.0
16.2 2.0169423154497783e-05
16.25 0.0
16.3 2.0169423154497783e-05
16.35 0.0
16.4 0.0
16.45 4.0338846308995566e-05
16.5 2.0169423154497783e-05
16.55 8.067769261799113e-05
16.6 8.067769261799113e-05
16.65 8.067769261799113e-05
16.7 0.00012101653892698669
16.75 0.00022186365469947558
16.8 0.00026220250100847115
16.85 0.00022186365469947558
16.9 0.0004033884630899556
16.95 0.0005647438483259379
17.0 0.0004033884630899556
17.05 0.00036304961678096007
17.1 0.0005849132714804356
17.15 0.0006655909640984268
17.2 0.0008067769261799112
17.25 0.0007059298104074224
17.3 0.0006655909640984268
17.35 0.0006857603872529246
17.4 0.0009479628882613958
17.45 0.0007260992335619201
17.5 0.0008471157724889068
17.55 0.000826946349334409
17.6 0.0008067769261799112
17.65 0.0009681323114158935
17.7 0.0009883017345703913
17.75 0.0007664380798709157
17.8 0.0006655909640984268
17.85 0.0010689794271883824
17.9 0.0005849132714804356
17.95 0.0007260992335619201
18.0 0.0005445744251714401
18.05 0.00044372730939895116
18.1 0.0005647438483259379
18.15 0.0004235578862444534
18.2 0.0005647438483259379
18.25 0.0005849132714804356
18.3 6.0508269463493345e-05
18.35 0.0
18.4 0.0
18.45 0.0
18.5 0.0
18.55 0.0
18.6 0.0
18.65 0.0
18.7 0.0
18.75 0.0
18.8 0.0
18.85 0.0
18.9 0.0
18.95 0.0
19.0
***
18.333333333333332
90.33333333333333
14.0 0.0
14.05 0.0
14.1 0.0
14.15 0.0
14.2 0.0
14.25 0.0
14.3 0.0
14.35 0.0
14.4 0.0
14.45 0.0
14.5 0.0
14.55 0.0
14.6 0.0
14.65 0.0
14.7 0.0
14.75 0.0
14.8 0.0
14.85 0.0
14.9 0.0
14.95 0.0
15.0 0.0
15.05 0.0
15.1 0.0
15.15 0.0
15.2 0.0
15.25 0.0
15.3 0.0
15.35 0.0
15.4 0.0
15.45 0.0
15.5 0.0
15.55 0.0
15.6 0.0
15.65 0.0
15.7 0.0
15.75 0.0
15.8 0.0
15.85 0.0
15.9 0.0
15.95 0.0
16.0 0.0
16.05 0.0
16.1 2.286027798098025e-05
16.15 0.0
16.2 0.0
16.25 0.0
16.3 0.0
16.35 0.0
16.4 2.286027798098025e-05
16.45 6.858083394294074e-05
16.5 0.0
16.55 2.286027798098025e-05
16.6 6.858083394294074e-05
16.65 0.00016002194586686174
16.7 0.00011430138990490124
16.75 0.00011430138990490124
16.8 0.00013716166788588148
16.85 0.0003200438917337235
16.9 0.00027432333577176297
16.95 0.00025146305779078274
17.0 0.0006629480614484272
17.05 0.0004800658376005852
17.1 0.0005257863935625457
17.15 0.0006858083394294074
17.2 0.0005943672275054865
17.25 0.0007772494513533284
17.3 0.0009372713972201902
17.35 0.0008915508412582297
17.4 0.0008458302852962692
17.45 0.0010287125091441112
17.5 0.0009144111192392099
17.55 0.000731528895391368
17.6 0.0009601316752011704
17.65 0.0010287125091441112
17.7 0.001005852231163131
17.75 0.0008686905632772495
17.8 0.0009829919531821507
17.85 0.0010744330651060716
17.9 0.0009372713972201902
17.95 0.0007772494513533284
18.0 0.0007772494513533284
18.05 0.0005943672275054865
18.1 0.0008229700073152889
18.15 0.0008001097293343087
18.2 0.000731528895391368
18.25 0.0005943672275054865
18.3 0.00025146305779078274
18.35 0.0
18.4 0.0
18.45 0.0
18.5 0.0
18.55 0.0
18.6 0.0
18.65 0.0
18.7 0.0
18.75 0.0
18.8 0.0
18.85 0.0
18.9 0.0
18.95 0.0
19.0
***
18.666666666666668
91.0
14.0 0.0
14.05 0.0
14.1 0.0
14.15 0.0
14.2 0.0
14.25 0.0
14.3 0.0
14.35 0.0
14.4 0.0
14.45 0.0
14.5 0.0
14.55 0.0
14.6 0.0
14.65 0.0
14.7 0.0
14.75 0.0
14.8 0.0
14.85 0.0
14.9 0.0
14.95 0.0
15.0 0.0
15.05 0.0
15.1 0.0
15.15 0.0
15.2 0.0
15.25 0.0
15.3 0.0
15.35 0.0
15.4 0.0
15.45 0.0
15.5 0.0
15.55 0.0
15.6 0.0
15.65 0.0
15.7 0.0
15.75 0.0
15.8 0.0
15.85 0.0
15.9 0.0
15.95 0.0
16.0 0.0
16.05 0.0
16.1 0.0
16.15 2.437003460544914e-05
16.2 0.0
16.25 2.437003460544914e-05
16.3 0.0
16.35 2.437003460544914e-05
16.4 4.874006921089828e-05
16.45 7.311010381634741e-05
16.5 2.437003460544914e-05
16.55 0.0
16.6 9.748013842179656e-05
16.65 0.00014622020763269483
16.7 9.748013842179656e-05
16.75 0.00019496027684359312
16.8 0.00021933031144904226
16.85 0.0004386606228980845
16.9 0.0005117707267144319
16.95 0.0003655505190817371
17.0 0.0005117707267144319
17.05 0.0006092508651362285
17.1 0.00038992055368718625
17.15 0.0005605107959253303
17.2 0.0008042111419798217
17.25 0.0008042111419798217
17.3 0.0006579909343471268
17.35 0.0010235414534288639
17.4 0.000706731003558025
17.45 0.0008285811765852707
17.5 0.0005361407613198811
17.55 0.0006336208997416776
17.6 0.0008285811765852707
17.65 0.000682360968952576
17.7 0.0005361407613198811
17.75 0.0009748013842179656
17.8 0.0006092508651362285
17.85 0.0009260613150070674
17.9 0.0007554710727689233
17.95 0.0006336208997416776
18.0 0.000877321245796169
18.05 0.0009504313496125164
18.1 0.0008285811765852707
18.15 0.0007554710727689233
18.2 0.0005848808305307793
18.25 0.0005605107959253303
18.3 0.0006579909343471268
18.35 0.0005848808305307793
18.4 0.0003655505190817371
18.45 0.0005361407613198811
18.5 0.0006579909343471268
18.55 0.00041429058829263536
18.6 0.00021933031144904226
18.65 4.874006921089828e-05
18.7 0.0
18.75 0.0
18.8 0.0
18.85 0.0
18.9 0.0
18.95 0.0
19.0
***
18.666666666666668
90.66666666666667
14.0 0.0
14.05 0.0
14.1 0.0
14.15 0.0
14.2 0.0
14.25 0.0
14.3 0.0
14.35 0.0
14.4 0.0
14.45 0.0
14.5 0.0
14.55 0.0
14.6 0.0
14.65 0.0
14.7 0.0
14.75 0.0
14.8 0.0
14.85 0.0
14.9 0.0
14.95 0.0
15.0 0.0
15.05 0.0
15.1 0.0
15.15 0.0
15.2 0.0
15.25 0.0
15.3 0.0
15.35 0.0
15.4 0.0
15.45 0.0
15.5 0.0
15.55 0.0
15.6 0.0
15.65 0.0
15.7 0.0
15.75 0.0
15.8 0.0
15.85 0.0
15.9 0.0
15.95 0.0
16.0 0.0
16.05 0.0
16.1 0.0
16.15 0.0
16.2 2.9120559114735002e-05
16.25 0.0
16.3 0.0
16.35 5.8241118229470004e-05
16.4 0.0
16.45 2.9120559114735002e-05
16.5 0.00011648223645894001
16.55 8.736167734420501e-05
16.6 2.9120559114735002e-05
16.65 0.000262085032032615
16.7 0.00011648223645894001
16.75 0.00020384391380314502
16.8 0.00017472335468841002
16.85 0.00040768782760629003
16.9 0.00043680838672102506
16.95 0.00043680838672102506
17.0 0.0005532906231799651
17.05 0.00064065230052417
17.1 0.000844496214327315
17.15 0.0005532906231799651
17.2 0.0007862550960978451
17.25 0.0005532906231799651
17.3 0.0009027373325567851
17.35 0.0009318578916715201
17.4 0.0009609784507862551
17.45 0.0008153756552125801
17.5 0.0011648223645894002
17.55 0.0009027373325567851
17.6 0.000844496214327315
17.65 0.0009609784507862551
17.7 0.0009609784507862551
17.75 0.0007571345369831101
17.8 0.0010774606872451951
17.85 0.0008736167734420501
17.9 0.00122306348281887
17.95 0.0009900990099009901
18.0 0.000844496214327315
18.05 0.0010774606872451951
18.1 0.00104834012813046
18.15 0.0006697728596389051
18.2 0.0008736167734420501
18.25 0.0006988934187536401
18.3 0.0008153756552125801
18.35 0.00064065230052417
18.4 0.0008153756552125801
18.45 0.000844496214327315
18.5 0.00034944670937682004
18.55 0.00052417006406523
18.6 0.00023296447291788001
18.65 0.0
18.7 0.0
18.75 0.0
18.8 0.0
18.85 0.0
18.9 0.0
18.95 0.0
19.0
***
18.666666666666668
90.33333333333333
14.0 0.0
14.05 0.0
14.1 0.0
14.15 0.0
14.2 0.0
14.25 0.0
14.3 0.0
14.35 0.0
14.4 0.0
14.45 0.0
14.5 0.0
14.55 0.0
14.6 0.0
14.65 0.0
14.7 0.0
14.75 0.0
14.8 0.0
14.85 0.0
14.9 0.0
14.95 0.0
15.0 0.0
15.05 0.0
15.1 0.0
15.15 0.0
15.2 0.0
15.25 0.0
15.3 0.0
15.35 0.0
15.4 0.0
15.45 0.0
15.5 0.0
15.55 0.0
15.6 0.0
15.65 0.0
15.7 0.0
15.75 0.0
15.8 0.0
15.85 0.0
15.9 0.0
15.95 0.0
16.0 0.0
16.05 0.0
16.1 0.0
16.15 0.0
16.2 0.0
16.25 0.0
16.3 3.425478710649813e-05
16.35 0.0
16.4 3.425478710649813e-05
16.45 0.0
16.5 0.0
16.55 6.850957421299626e-05
16.6 0.00013701914842599252
16.65 0.0001027643613194944
16.7 6.850957421299626e-05
16.75 0.0002055287226389888
16.8 0.00023978350974548693
16.85 0.0004110574452779776
16.9 0.0004110574452779776
16.95 0.0008221148905559552
17.0 0.0006165861679169664
17.05 0.0006165861679169664
17.1 0.0008906244647689514
17.15 0.001061898400301442
17.2 0.000787860103449457
17.25 0.0009248792518754496
17.3 0.0009248792518754496
17.35 0.0013359366971534272
17.4 0.0012674271229404308
17.45 0.0008221148905559552
17.5 0.0013359366971534272
17.55 0.0009591340389819477
17.6 0.0012674271229404308
17.65 0.0018155037166444012
17.7 0.0009591340389819477
17.75 0.0014044462713664234
17.8 0.0013701914842599253
17.85 0.0013701914842599253
17.9 0.000993388826088446
17.95 0.0009248792518754496
18.0 0.0009248792518754496
18.05 0.0008906244647689514
18.1 0.000753605316342959
18.15 0.000753605316342959
18.2 0.0012331723358339328
18.25 0.0008906244647689514
18.3 0.0008906244647689514
18.35 0.0005823313808104683
18.4 0.0009591340389819477
18.45 0.0005823313808104683
18.5 0.0006165861679169664
18.55 0.0005480765937039701
18.6 0.0003768026581714795
18.65 6.850957421299626e-05
18.7 0.0
18.75 0.0
18.8 0.0
18.85 0.0
18.9 0.0
18.95 0.0
19.0
***
19.0
91.0
14.0 0.0
14.05 0.0
14.1 0.0
14.15 0.0
14.2 0.0
14.25 0.0
14.3 0.0
14.35 0.0
14.4 0.0
14.45 0.0
14.5 0.0
14.55 0.0
14.6 0.0
14.65 0.0
14.7 0.0
14.75 0.0
14.8 0.0
14.85 0.0
14.9 0.0
14.95 0.0
15.0 0.0
15.05 0.0
15.1 0.0
15.15 0.0
15.2 0.0
15.25 0.0
15.3 0.0
15.35 0.0
15.4 0.0
15.45 0.0
15.5 0.0
15.55 0.0
15.6 0.0
15.65 0.0
15.7 0.0
15.75 0.0
15.8 0.0
15.85 0.0
15.9 0.0
15.95 0.0
16.0 0.0
16.05 0.0
16.1 0.0
16.15 0.0
16.2 0.0
16.25 0.0
16.3 0.0
16.35 6.361120829490156e-05
16.4 0.0
16.45 9.541681244235235e-05
16.5 0.0
16.55 9.541681244235235e-05
16.6 0.00012722241658980312
16.65 0.0001908336248847047
16.7 0.00012722241658980312
16.75 0.00012722241658980312
16.8 0.0003498616456219586
16.85 0.0001908336248847047
16.9 0.0004770840622117617
16.95 0.0006679176870964664
17.0 0.00028625043732705705
17.05 0.0005088896663592125
17.1 0.0009223625202760727
17.15 0.0008905569161286219
17.2 0.0009541681244235234
17.25 0.0009859737285709742
17.3 0.001017779332718425
17.35 0.0006043064788015648
17.4 0.0008269457078337203
17.45 0.00044527845806431094
17.5 0.0006997232912439172
17.55 0.0010495849368658758
17.6 0.0007951401036862695
17.65 0.0008905569161286219
17.7 0.0006361120829490156
17.75 0.0006679176870964664
17.8 0.001017779332718425
17.85 0.0008905569161286219
17.9 0.001017779332718425
17.95 0.0008587513119811711
18.0 0.0008905569161286219
18.05 0.0009223625202760727
18.1 0.0007633344995388188
18.15 0.0007633344995388188
18.2 0.0009223625202760727
18.25 0.0011131961451607774
18.3 0.0006043064788015648
18.35 0.0008587513119811711
18.4 0.0006043064788015648
18.45 0.0006679176870964664
18.5 0.0006997232912439172
18.55 0.0007633344995388188
18.6 0.0006043064788015648
18.65 0.00044527845806431094
18.7 0.0006679176870964664
18.75 0.0005088896663592125
18.8 0.0005406952705066633
18.85 0.00025444483317960625
18.9 0.0005406952705066633
18.95 0.0001908336248847047
19.0
***
19.0
90.66666666666667
14.0 0.0
14.05 0.0
14.1 0.0
14.15 0.0
14.2 0.0
14.25 0.0
14.3 0.0
14.35 0.0
14.4 0.0
14.45 0.0
14.5 0.0
14.55 0.0
14.6 0.0
14.65 0.0
14.7 0.0
14.75 0.0
14.8 0.0
14.85 0.0
14.9 0.0
14.95 0.0
15.0 0.0
15.05 0.0
15.1 0.0
15.15 0.0
15.2 0.0
15.25 0.0
15.3 0.0
15.35 0.0
15.4 0.0
15.45 0.0
15.5 0.0
15.55 0.0
15.6 0.0
15.65 3.8853057735643796e-05
15.7 0.0
15.75 0.0
15.8 0.0
15.85 0.0
15.9 0.0
15.95 0.0
16.0 0.0
16.05 0.0
16.1 0.0
16.15 3.8853057735643796e-05
16.2 0.0
16.25 0.0
16.3 0.0
16.35 0.0
16.4 3.8853057735643796e-05
16.45 0.00011655917320693139
16.5 3.8853057735643796e-05
16.55 7.770611547128759e-05
16.6 3.8853057735643796e-05
16.65 3.8853057735643796e-05
16.7 0.00015541223094257519
16.75 0.00011655917320693139
16.8 0.00015541223094257519
16.85 0.0002719714041495066
16.9 0.0005439428082990132
16.95 0.0009324733856554511
17.0 0.00046623669282772556
17.05 0.0005050897505633693
17.1 0.0009324733856554511
17.15 0.001165591732069314
17.2 0.0008159142124485197
17.25 0.000582795866034657
17.3 0.0008159142124485197
17.35 0.0010490325588623825
17.4 0.0010878856165980264
17.45 0.00112673867433367
17.5 0.001165591732069314
17.55 0.0015541223094257517
17.6 0.0010101795011267386
17.65 0.0009324733856554511
17.7 0.00112673867433367
17.75 0.0012432978475406015
17.8 0.0012432978475406015
17.85 0.0007382080969772321
17.9 0.0010490325588623825
17.95 0.0012432978475406015
18.0 0.0008159142124485197
18.05 0.001165591732069314
18.1 0.0012821509052762452
18.15 0.0008547672701841635
18.2 0.0013987100784831766
18.25 0.0009324733856554511
18.3 0.0007770611547128759
18.35 0.0009324733856554511
18.4 0.0010101795011267386
18.45 0.0009324733856554511
18.5 0.000582795866034657
18.55 0.0009324733856554511
18.6 0.0009713264433910949
18.65 0.0006605019815059445
18.7 0.0009324733856554511
18.75 0.0008159142124485197
18.8 0.0005439428082990132
18.85 0.00031082446188515037
18.9 0.00023311834641386278
18.95 0.00031082446188515037
19.0
***
19.0
90.33333333333333
14.0 0.0
14.05 0.0
14.1 0.0
14.15 0.0
14.2 0.0
14.25 0.0
14.3 0.0
14.35 0.0
14.4 0.0
14.45 0.0
14.5 0.0
14.55 0.0
14.6 0.0
14.65 0.0
14.7 0.0
14.75 0.0
14.8 0.0
14.85 0.0
14.9 0.0
14.95 0.0
15.0 0.0
15.05 0.0
15.1 0.0
15.15 0.0
15.2 0.0
15.25 0.0
15.3 0.0
15.35 0.0
15.4 0.0
15.45 0.0
15.5 0.0
15.55 0.0
15.6 0.0
15.65 0.0
15.7 0.0
15.75 0.0
15.8 0.0
15.85 0.0
15.9 0.0
15.95 0.0
16.0 0.0
16.05 0.0
16.1 0.0
16.15 0.0
16.2 0.0
16.25 0.0
16.3 0.0
16.35 0.0
16.4 0.0
16.45 0.0
16.5 0.0
16.55 0.0
16.6 0.0
16.65 0.00024714546982353814
16.7 0.00014828728189412288
16.75 0.00024714546982353814
16.8 0.0004942909396470763
16.85 0.000395432751717661
16.9 0.0005931491275764915
16.95 0.00024714546982353814
17.0 0.0009885818792941526
17.05 0.0008897236913647373
17.1 0.00044486184568236865
17.15 0.001334585537047106
17.2 0.0009391527853294449
17.25 0.0016311601008353518
17.3 0.0011368691611882754
17.35 0.0013840146310118136
17.4 0.0014334437249765213
17.45 0.001730018288764767
17.5 0.0014828728189412287
17.55 0.001581731006870644
17.6 0.001186298255152983
17.65 0.0016311601008353518
17.7 0.0009391527853294449
17.75 0.0012851564430823982
17.8 0.0019277346646235974
17.85 0.0010380109732588602
17.9 0.0019277346646235974
17.95 0.0012357273491176908
18.0 0.0015323019129059364
18.05 0.0010380109732588602
18.1 0.001581731006870644
18.15 0.001186298255152983
18.2 0.0008897236913647373
18.25 0.0013840146310118136
18.3 0.0012851564430823982
18.35 0.0010874400672235677
18.4 0.0012851564430823982
18.45 0.0007414364094706144
18.5 0.0014828728189412287
18.55 0.0008897236913647373
18.6 0.0012357273491176908
18.65 0.0010874400672235677
18.7 0.0011368691611882754
18.75 0.00044486184568236865
18.8 0.0010380109732588602
18.85 0.0007414364094706144
18.9 0.0006425782215411991
18.95 0.0001977163758588305
19.0
