***
16.0
91.0
14.0 0.0
14.06 0.0
14.12 0.0
14.18 0.0
14.24 0.0
14.3 0.0
14.36 0.0
14.42 0.0
14.48 0.0
14.54 0.0
14.6 1.0658670674042609e-07
14.66 2.1317341348085218e-07
14.72 0.0
14.78 0.0
14.84 0.0
14.9 1.0658670674042609e-07
14.96 0.0
15.02 1.0658670674042609e-07
15.08 0.0
15.14 0.0
15.2 2.1317341348085218e-07
15.26 1.0658670674042609e-07
15.32 2.1317341348085218e-07
15.379999999999999 5.329335337021305e-07
15.44 6.395202404425565e-07
15.5 1.065867067404261e-06
15.56 2.238320841548948e-06
15.62 2.771254375251078e-06
15.68 2.9844277887319307e-06
15.74 6.2886156976851394e-06
15.8 1.0445497260561756e-05
15.86 1.9398780626757547e-05
15.92 4.1355642215285325e-05
15.98 1.332333834255326e-05
16.04 0.0
16.1 0.0
16.16 0.0
16.22 0.0
16.28 0.0
16.34 0.0
16.4 0.0
16.46 0.0
16.52 0.0
16.58 0.0
16.64 0.0
16.7 0.0
16.759999999999998 0.0
16.82 0.0
16.88 0.0
16.94 0.0
17.0 0.0
17.06 0.0
17.12 0.0
17.18 0.0
17.24 0.0
17.3 0.0
17.36 0.0
17.42 0.0
17.48 0.0
17.54 0.0
17.6 0.0
17.66 0.0
17.72 0.0
17.78 0.0
17.84 0.0
17.9 0.0
17.96 0.0
18.02 0.0
18.08 0.0
18.14 0.0
18.2 0.0
18.259999999999998 0.0
18.32 0.0
18.38 0.0
18.439999999999998 0.0
18.5 0.0
18.56 0.0
18.62 0.0
18.68 0.0
18.740000000000002 0.0
18.8 0.0
18.86 0.0
18.92 0.0
18.98 0.0
19.04 0.0
19.1 0.0
19.16 0.0
19.22 0.0
19.28 0.0
19.34 0.0
19.4 0.0
19.46 0.0
19.52 0.0
19.58 0.0
19.64 0.0
19.7 0.0
19.759999999999998 0.0
19.82 0.0
19.88 0.0
19.939999999999998 0.0
19.999999999999996
***
16.0
90.66666666666667
14.0 0.0
14.06 0.0
14.12 0.0
14.18 0.0
14.24 0.0
14.3 0.0
14.36 0.0
14.42 0.0
14.48 0.0
14.54 0.0
14.6 0.0
14.66 0.0
14.72 0.0
14.78 0.0
14.84 0.0
14.9 0.0
14.96 1.0405335689656285e-07
15.02 0.0
15.08 0.0
15.14 1.0405335689656285e-07
15.2 4.162134275862514e-07
15.26 2.081067137931257e-07
15.32 6.243201413793771e-07
15.379999999999999 6.243201413793771e-07
15.44 6.243201413793771e-07
15.5 1.352693639655317e-06
15.56 9.364802120690656e-07
15.62 2.1851204948278198e-06
15.68 2.8094406362071967e-06
15.74 4.5783477034487655e-06
15.8 8.532375265518154e-06
15.86 1.6648537103450054e-05
15.92 4.3182143112073584e-05
15.98 1.716880388793287e-05
16.04 0.0
16.1 0.0
16.16 0.0
16.22 0.0
16.28 0.0
16.34 0.0
16.4 0.0
16.46 0.0
16.52 0.0
16.58 0.0
16.64 0.0
16.7 0.0
16.759999999999998 0.0
16.82 0.0
16.88 0.0
16.94 0.0
17.0 0.0
17.06 0.0
17.12 0.0
17.18 0.0
17.24 0.0
17.3 0.0
17.36 0.0
17.42 0.0
17.48 0.0
17.54 0.0
17.6 0.0
17.66 0.0
17.72 0.0
17.78 0.0
17.84 0.0
17.9 0.0
17.96 0.0
18.02 0.0
18.08 0.0
18.14 0.0
18.2 0.0
18.259999999999998 0.0
18.32 0.0
18.38 0.0
18.439999999999998 0.0
18.5 0.0
18.56 0.0
18.62 0.0
18.68 0.0
18.740000000000002 0.0
18.8 0.0
18.86 0.0
18.92 0.0
18.98 0.0
19.04 0.0
19.1 0.0
19.16 0.0
19.22 0.0
19.28 0.0
19.34 0.0
19.4 0.0
19.46 0.0
19.52 0.0
19.58 0.0
19.64 0.0
19.7 0.0
19.759999999999998 0.0
19.82 0.0
19.88 0.0
19.939999999999998 0.0
19.999999999999996
***
16.0
90.33333333333333
14.0 0.0
14.06 0.0
14.12 1.066288489682326e-07
14.18 0.0
14.24 0.0
14.3 0.0
14.36 0.0
14.42 1.066288489682326e-07
14.48 0.0
14.54 0.0
14.6 0.0
14.66 1.066288489682326e-07
14.72 1.066288489682326e-07
14.78 0.0
14.84 0.0
14.9 0.0
14.96 1.066288489682326e-07
15.02 1.066288489682326e-07
15.08 1.066288489682326e-07
15.14 0.0
15.2 1.066288489682326e-07
15.26 1.066288489682326e-07
15.32 7.464019427776282e-07
15.379999999999999 5.33144244841163e-07
15.44 9.596596407140935e-07
15.5 7.464019427776282e-07
15.56 1.8126904324599542e-06
15.62 2.8789789221422802e-06
15.68 4.798298203570467e-06
15.74 4.371782807697537e-06
15.8 9.170081011268003e-06
15.86 1.8660048569440707e-05
15.92 4.0092447212055455e-05
15.98 1.7060615834917217e-05
16.04 0.0
16.1 0.0
16.16 0.0
16.22 0.0
16.28 0.0
16.34 0.0
16.4 0.0
16.46 0.0
16.52 0.0
16.58 0.0
16.64 0.0
16.7 0.0
16.759999999999998 0.0
16.82 0.0
16.88 0.0
16.94 0.0
17.0 0.0
17.06 0.0
17.12 0.0
17.18 0.0
17.24 0.0
17.3 0.0
17.36 0.0
17.42 0.0
17.48 0.0
17.54 0.0
17.6 0.0
17.66 0.0
17.72 0.0
17.78 0.0
17.84 0.0
17.9 0.0
17.96 0.0
18.02 0.0
18.08 0.0
18.14 0.0
18.2 0.0
18.259999999999998 0.0
18.32 0.0
18.38 0.0
18.439999999999998 0.0
18.5 0.0
18.56 0.0
18.62 0.0
18.68 0.0
18.740000000000002 0.0
18.8 0.0
18.86 0.0
18.92 0.0
18.98 0.0
19.04 0.0
19.1 0.0
19.16 0.0
19.22 0.0
19.28 0.0
19.34 0.0
19.4 0.0
19.46 0.0
19.52 0.0
19.58 0.0
19.64 0.0
19.7 0.0
19.759999999999998 0.0
19.82 0.0
19.88 0.0
19.939999999999998 0.0
19.999999999999996
***
16.333333333333332
91.0
14.0 0.0
14.06 0.0
14.12 0.0
14.18 0.0
14.24 0.0
14.3 0.0
14.36 0.0
14.42 0.0
14.48 0.0
14.54 0.0
14.6 0.0
14.66 0.0
14.72 0.0
14.78 2.839681251458886e-07
14.84 2.839681251458886e-07
14.9 0.0
14.96 0.0
15.02 0.0
15.08 0.0
15.14 0.0
15.2 0.0
15.26 2.839681251458886e-07
15.32 2.839681251458886e-07
15.379999999999999 1.1358725005835544e-06
15.44 5.679362502917772e-07
15.5 8.519043754376659e-07
15.56 1.1358725005835544e-06
15.62 1.4198406257294432e-06
15.68 8.519043754376659e-07
15.74 2.8396812514588864e-06
15.8 3.4076175017506635e-06
15.86 4.259521877188329e-06
15.92 5.111426252625995e-06
15.98 1.3062533756710877e-05
16.04 1.448237438244032e-05
16.1 2.7260940014005308e-05
16.16 4.6854740649071623e-05
16.22 8.348662879289126e-05
16.28 8.46225012934748e-05
16.34 0.0
16.4 0.0
16.46 0.0
16.52 0.0
16.58 0.0
16.64 0.0
16.7 0.0
16.759999999999998 0.0
16.82 0.0
16.88 0.0
16.94 0.0
17.0 0.0
17.06 0.0
17.12 0.0
17.18 0.0
17.24 0.0
17.3 0.0
17.36 0.0
17.42 0.0
17.48 0.0
17.54 0.0
17.6 0.0
17.66 0.0
17.72 0.0
17.78 0.0
17.84 0.0
17.9 0.0
17.96 0.0
18.02 0.0
18.08 0.0
18.14 0.0
18.2 0.0
18.259999999999998 0.0
18.32 0.0
18.38 0.0
18.439999999999998 0.0
18.5 0.0
18.56 0.0
18.62 0.0
18.68 0.0
18.740000000000002 0.0
18.8 0.0
18.86 0.0
18.92 0.0
18.98 0.0
19.04 0.0
19.1 0.0
19.16 0.0
19.22 0.0
19.28 0.0
19.34 0.0
19.4 0.0
19.46 0.0
19.52 0.0
19.58 0.0
19.64 0.0
19.7 0.0
19.759999999999998 0.0
19.82 0.0
19.88 0.0
19.939999999999998 0.0
19.999999999999996
***
16.333333333333332
90.66666666666667
14.0 0.0
14.06 0.0
14.12 0.0
14.18 0.0
14.24 0.0
14.3 0.0
14.36 0.0
14.42 0.0
14.48 0.0
14.54 0.0
14.6 2.971482092066024e-07
14.66 0.0
14.72 0.0
14.78 0.0
14.84 0.0
14.9 0.0
14.96 0.0
15.02 2.971482092066024e-07
15.08 0.0
15.14 0.0
15.2 0.0
15.26 2.971482092066024e-07
15.32 0.0
15.379999999999999 2.971482092066024e-07
15.44 2.971482092066024e-07
15.5 8.914446276198072e-07
15.56 8.914446276198072e-07
15.62 2.377185673652819e-06
15.68 1.4857410460330119e-06
15.74 5.348667765718843e-06
15.8 3.5657785104792288e-06
15.86 5.645815974925445e-06
15.92 6.240112393338651e-06
15.98 8.914446276198072e-06
16.04 1.9017485389222554e-05
16.1 2.228611569049518e-05
16.16 4.843515810067619e-05
16.22 7.636708976609681e-05
16.28 8.64701288791213e-05
16.34 0.0
16.4 0.0
16.46 0.0
16.52 0.0
16.58 0.0
16.64 0.0
16.7 0.0
16.759999999999998 0.0
16.82 0.0
16.88 0.0
16.94 0.0
17.0 0.0
17.06 0.0
17.12 0.0
17.18 0.0
17.24 0.0
17.3 0.0
17.36 0.0
17.42 0.0
17.48 0.0
17.54 0.0
17.6 0.0
17.66 0.0
17.72 0.0
17.78 0.0
17.84 0.0
17.9 0.0
17.96 0.0
18.02 0.0
18.08 0.0
18.14 0.0
18.2 0.0
18.259999999999998 0.0
18.32 0.0
18.38 0.0
18.439999999999998 0.0
18.5 0.0
18.56 0.0
18.62 0.0
18.68 0.0
18.740000000000002 0.0
18.8 0.0
18.86 0.0
18.92 0.0
18.98 0.0
19.04 0.0
19.1 0.0
19.16 0.0
19.22 0.0
19.28 0.0
19.34 0.0
19.4 0.0
19.46 0.0
19.52 0.0
19.58 0.0
19.64 0.0
19.7 0.0
19.759999999999998 0.0
19.82 0.0
19.88 0.0
19.939999999999998 0.0
19.999999999999996
***
16.333333333333332
90.33333333333333
14.0 0.0
14.06 0.0
14.12 0.0
14.18 0.0
14.24 0.0
14.3 0.0
14.36 0.0
14.42 0.0
14.48 0.0
14.54 0.0
14.6 0.0
14.66 0.0
14.72 0.0
14.78 0.0
14.84 0.0
14.9 0.0
14.96 0.0
15.02 0.0
15.08 0.0
15.14 0.0
15.2 6.083879665727315e-07
15.26 0.0
15.32 3.0419398328636577e-07
15.379999999999999 3.0419398328636577e-07
15.44 6.083879665727315e-07
15.5 3.0419398328636577e-07
15.56 2.1293578830045605e-06
15.62 6.083879665727315e-07
15.68 2.433551866290926e-06
15.74 3.0419398328636578e-06
15.8 3.6503277994363894e-06
15.86 4.562909749295487e-06
15.92 6.0838796657273156e-06
15.98 9.430013481877339e-06
16.04 1.825163899718195e-05
16.1 2.372713069633653e-05
16.16 4.684587342610033e-05
16.22 8.18281815040324e-05
16.28 9.33875528689143e-05
16.34 0.0
16.4 0.0
16.46 0.0
16.52 0.0
16.58 0.0
16.64 0.0
16.7 0.0
16.759999999999998 0.0
16.82 0.0
16.88 0.0
16.94 0.0
17.0 0.0
17.06 0.0
17.12 0.0
17.18 0.0
17.24 0.0
17.3 0.0
17.36 0.0
17.42 0.0
17.48 0.0
17.54 0.0
17.6 0.0
17.66 0.0
17.72 0.0
17.78 0.0
17.84 0.0
17.9 0.0
17.96 0.0
18.02 0.0
18.08 0.0
18.14 0.0
18.2 0.0
18.259999999999998 0.0
18.32 0.0
18.38 0.0
18.439999999999998 0.0
18.5 0.0
18.56 0.0
18.62 0.0
18.68 0.0
18.740000000000002 0.0
18.8 0.0
18.86 0.0
18.92 0.0
18.98 0.0
19.04 0.0
19.1 0.0
19.16 0.0
19.22 0.0
19.28 0.0
19.34 0.0
19.4 0.0
19.46 0.0
19.52 0.0
19.58 0.0
19.64 0.0
19.7 0.0
19.759999999999998 0.0
19.82 0.0
19.88 0.0
19.939999999999998 0.0
19.999999999999996
***
16.666666666666668
91.0
14.0 0.0
14.06 0.0
14.12 0.0
14.18 0.0
14.24 0.0
14.3 0.0
14.36 0.0
14.42 0.0
14.48 7.283543997704227e-07
14.54 0.0
14.6 0.0
14.66 0.0
14.72 0.0
14.78 0.0
14.84 0.0
14.9 0.0
14.96 0.0
15.02 0.0
15.08 0.0
15.14 0.0
15.2 0.0
15.26 1.4567087995408454e-06
15.32 0.0
15.379999999999999 2.185063199311268e-06
15.44 0.0
15.5 0.0
15.56 2.185063199311268e-06
15.62 2.185063199311268e-06
15.68 0.0
15.74 2.9134175990816907e-06
15.8 2.185063199311268e-06
15.86 4.370126398622536e-06
15.92 4.370126398622536e-06
15.98 6.5551895979338045e-06
16.04 1.0196961596785917e-05
16.1 9.468607197015495e-06
16.16 1.6752151194719723e-05
16.22 2.7677467191276062e-05
16.28 3.6417719988521135e-05
16.34 5.681164318209297e-05
16.4 7.0650376777731e-05
16.46 9.905619836877748e-05
16.52 0.0001449425255543141
16.58 0.0001864587263412282
16.64 5.2441516783470436e-05
16.7 0.0
16.759999999999998 0.0
16.82 0.0
16.88 0.0
16.94 0.0
17.0 0.0
17.06 0.0
17.12 0.0
17.18 0.0
17.24 0.0
17.3 0.0
17.36 0.0
17.42 0.0
17.48 0.0
17.54 0.0
17.6 0.0
17.66 0.0
17.72 0.0
17.78 0.0
17.84 0.0
17.9 0.0
17.96 0.0
18.02 0.0
18.08 0.0
18.14 0.0
18.2 0.0
18.259999999999998 0.0
18.32 0.0
18.38 0.0
18.439999999999998 0.0
18.5 0.0
18.56 0.0
18.62 0.0
18.68 0.0
18.740000000000002 0.0
18.8 0.0
18.86 0.0
18.92 0.0
18.98 0.0
19.04 0.0
19.1 0.0
19.16 0.0
19.22 0.0
19.28 0.0
19.34 0.0
19.4 0.0
19.46 0.0
19.52 0.0
19.58 0.0
19.64 0.0
19.7 0.0
19.759999999999998 0.0
19.82 0.0
19.88 0.0
19.939999999999998 0.0
19.999999999999996
***
16.666666666666668
90.66666666666667
14.0 0.0
14.06 0.0
14.12 0.0
14.18 0.0
14.24 0.0
14.3 0.0
14.36 0.0
14.42 0.0
14.48 0.0
14.54 0.0
14.6 0.0
14.66 0.0
14.72 0.0
14.78 0.0
14.84 0.0
14.9 0.0
14.96 0.0
15.02 0.0
15.08 0.0
15.14 0.0
15.2 0.0
15.26 0.0
15.32 0.0
15.379999999999999 0.0
15.44 0.0
15.5 0.0
15.56 7.06422225738635e-07
15.62 2.1192666772159052e-06
15.68 1.41284445147727e-06
15.74 1.41284445147727e-06
15.8 0.0
15.86 2.82568890295454e-06
15.92 4.944955580170445e-06
15.98 3.5321111286931755e-06
16.04 1.0596333386079526e-05
16.1 1.130275561181816e-05
16.16 1.977982232068178e-05
16.22 2.9669733481022674e-05
16.28 3.3908266835454483e-05
16.34 4.379817799579537e-05
16.4 7.346791147681805e-05
16.46 0.00011161471166670435
16.52 0.00015823857856545425
16.58 0.00018013766756335195
16.64 5.43945113818749e-05
16.7 0.0
16.759999999999998 0.0
16.82 0.0
16.88 0.0
16.94 0.0
17.0 0.0
17.06 0.0
17.12 0.0
17.18 0.0
17.24 0.0
17.3 0.0
17.36 0.0
17.42 0.0
17.48 0.0
17.54 0.0
17.6 0.0
17.66 0.0
17.72 0.0
17.78 0.0
17.84 0.0
17.9 0.0
17.96 0.0
18.02 0.0
18.08 0.0
18.14 0.0
18.2 0.0
18.259999999999998 0.0
18.32 0.0
18.38 0.0
18.439999999999998 0.0
18.5 0.0
18.56 0.0
18.62 0.0
18.68 0.0
18.740000000000002 0.0
18.8 0.0
18.86 0.0
18.92 0.0
18.98 0.0
19.04 0.0
19.1 0.0
19.16 0.0
19.22 0.0
19.28 0.0
19.34 0.0
19.4 0.0
19.46 0.0
19.52 0.0
19.58 0.0
19.64 0.0
19.7 0.0
19.759999999999998 0.0
19.82 0.0
19.88 0.0
19.939999999999998 0.0
19.999999999999996
***
16.666666666666668
90.33333333333333
14.0 0.0
14.06 0.0
14.12 0.0
14.18 0.0
14.24 0.0
14.3 0.0
14.36 0.0
14.42 0.0
14.48 0.0
14.54 0.0
14.6 0.0
14.66 0.0
14.72 0.0
14.78 0.0
14.84 0.0
14.9 0.0
14.96 0.0
15.02 0.0
15.08 0.0
15.14 0.0
15.2 0.0
15.26 1.5623498679423773e-06
15.32 7.811749339711887e-07
15.379999999999999 7.811749339711887e-07
15.44 7.811749339711887e-07
15.5 7.811749339711887e-07
15.56 0.0
15.62 7.811749339711887e-07
15.68 0.0
15.74 2.3435248019135663e-06
15.8 3.905874669855943e-06
15.86 2.3435248019135663e-06
15.92 3.1246997358847546e-06
15.98 4.6870496038271326e-06
16.04 8.592924273683075e-06
16.1 7.0305744057406984e-06
16.16 2.1872898151193284e-05
16.22 2.343524801913566e-05
16.28 4.0621096566501814e-05
16.34 5.3119895510040834e-05
16.4 7.186809392534936e-05
16.46 0.0001171762400956783
16.52 0.00014217383798275634
16.58 0.00021716663164399045
16.64 5.3119895510040834e-05
16.7 0.0
16.759999999999998 0.0
16.82 0.0
16.88 0.0
16.94 0.0
17.0 0.0
17.06 0.0
17.12 0.0
17.18 0.0
17.24 0.0
17.3 0.0
17.36 0.0
17.42 0.0
17.48 0.0
17.54 0.0
17.6 0.0
17.66 0.0
17.72 0.0
17.78 0.0
17.84 0.0
17.9 0.0
17.96 0.0
18.02 0.0
18.08 0.0
18.14 0.0
18.2 0.0
18.259999999999998 0.0
18.32 0.0
18.38 0.0
18.439999999999998 0.0
18.5 0.0
18.56 0.0
18.62 0.0
18.68 0.0
18.740000000000002 0.0
18.8 0.0
18.86 0.0
18.92 0.0
18.98 0.0
19.04 0.0
19.1 0.0
19.16 0.0
19.22 0.0
19.28 0.0
19.34 0.0
19.4 0.0
19.46 0.0
19.52 0.0
19.58 0.0
19.64 0.0
19.7 0.0
19.759999999999998 0.0
19.82 0.0
19.88 0.0
19.939999999999998 0.0
19.999999999999996
***
17.0
91.0
14.0 0.0
14.06 0.0
14.12 0.0
14.18 0.0
14.24 0.0
14.3 0.0
14.36 0.0
14.42 0.0
14.48 0.0
14.54 0.0
14.6 0.0
14.66 0.0
14.72 0.0
14.78 0.0
14.84 0.0
14.9 0.0
14.96 0.0
15.02 0.0
15.08 0.0
15.14 0.0
15.2 0.0
15.26 0.0
15.32 0.0
15.379999999999999 0.0
15.44 0.0
15.5 0.0
15.56 0.0
15.62 0.0
15.68 0.0
15.74 1.7294216122360039e-06
15.8 5.188264836708011e-06
15.86 5.188264836708011e-06
15.92 6.9176864489440155e-06
15.98 3.4588432244720077e-06
16.04 5.188264836708011e-06
16.1 3.4588432244720077e-06
16.16 1.0376529673416022e-05
16.22 1.3835372897888031e-05
16.28 2.7670745795776062e-05
16.34 2.248248095906805e-05
16.4 2.5941324183540057e-05
16.46 6.052975642826013e-05
16.52 6.744744287720414e-05
16.58 0.00012451835608099228
16.64 0.0001400831505911163
16.7 0.0001850481125092524
16.759999999999998 0.0002265542312029165
16.82 0.00024384844732527652
16.88 0.00025941324183540056
16.94 0.00021098943669279246
17.0 0.0
17.06 0.0
17.12 0.0
17.18 0.0
17.24 0.0
17.3 0.0
17.36 0.0
17.42 0.0
17.48 0.0
17.54 0.0
17.6 0.0
17.66 0.0
17.72 0.0
17.78 0.0
17.84 0.0
17.9 0.0
17.96 0.0
18.02 0.0
18.08 0.0
18.14 0.0
18.2 0.0
18.259999999999998 0.0
18.32 0.0
18.38 0.0
18.439999999999998 0.0
18.5 0.0
18.56 0.0
18.62 0.0
18.68 0.0
18.740000000000002 0.0
18.8 0.0
18.86 0.0
18.92 0.0
18.98 0.0
19.04 0.0
19.1 0.0
19.16 0.0
19.22 0.0
19.28 0.0
19.34 0.0
19.4 0.0
19.46 0.0
19.52 0.0
19.58 0.0
19.64 0.0
19.7 0.0
19.759999999999998 0.0
19.82 0.0
19.88 0.0
19.939999999999998 0.0
19.999999999999996
***
17.0
90.66666666666667
14.0 0.0
14.06 0.0
14.12 0.0
14.18 0.0
14.24 0.0
14.3 0.0
14.36 0.0
14.42 0.0
14.48 0.0
14.54 0.0
14.6 0.0
14.66 0.0
14.72 0.0
14.78 0.0
14.84 0.0
14.9 0.0
14.96 0.0
15.02 0.0
15.08 1.7934195848592344e-06
15.14 0.0
15.2 0.0
15.26 0.0
15.32 0.0
15.379999999999999 0.0
15.44 0.0
15.5 0.0
15.56 0.0
15.62 0.0
15.68 0.0
15.74 1.7934195848592344e-06
15.8 0.0
15.86 3.586839169718469e-06
15.92 1.7934195848592344e-06
15.98 5.380258754577704e-06
16.04 8.967097924296173e-06
16.1 1.7934195848592347e-05
16.16 1.614077626373311e-05
16.22 1.7934195848592347e-05
16.28 3.407497211232546e-05
16.34 3.766181128204392e-05
16.4 5.559600713063627e-05
16.46 6.097626588521397e-05
16.52 7.173678339436939e-05
16.58 0.00010222491633697637
16.64 0.00015961434305247188
16.7 0.00017396169973134574
16.759999999999998 0.0002618392593894482
16.82 0.0002582524202197298
16.88 0.00029412081191691443
16.94 0.0002385248047862782
17.0 0.0
17.06 0.0
17.12 0.0
17.18 0.0
17.24 0.0
17.3 0.0
17.36 0.0
17.42 0.0
17.48 0.0
17.54 0.0
17.6 0.0
17.66 0.0
17.72 0.0
17.78 0.0
17.84 0.0
17.9 0.0
17.96 0.0
18.02 0.0
18.08 0.0
18.14 0.0
18.2 0.0
18.259999999999998 0.0
18.32 0.0
18.38 0.0
18.439999999999998 0.0
18.5 0.0
18.56 0.0
18.62 0.0
18.68 0.0
18.740000000000002 0.0
18.8 0.0
18.86 0.0
18.92 0.0
18.98 0.0
19.04 0.0
19.1 0.0
19.16 0.0
19.22 0.0
19.28 0.0
19.34 0.0
19.4 0.0
19.46 0.0
19.52 0.0
19.58 0.0
19.64 0.0
19.7 0.0
19.759999999999998 0.0
19.82 0.0
19.88 0.0
19.939999999999998 0.0
19.999999999999996
***
17.0
90.33333333333333
14.0 0.0
14.06 0.0
14.12 0.0
14.18 0.0
14.24 0.0
14.3 0.0
14.36 0.0
14.42 0.0
14.48 0.0
14.54 0.0
14.6 0.0
14.66 0.0
14.72 0.0
14.78 0.0
14.84 0.0
14.9 0.0
14.96 0.0
15.02 0.0
15.08 0.0
15.14 0.0
15.2 0.0
15.26 1.9041888345983494e-06
15.32 0.0
15.379999999999999 0.0
15.44 0.0
15.5 0.0
15.56 1.9041888345983494e-06
15.62 0.0
15.68 0.0
15.74 1.9041888345983494e-06
15.8 1.9041888345983494e-06
15.86 1.9041888345983494e-06
15.92 0.0
15.98 5.712566503795048e-06
16.04 9.520944172991747e-06
16.1 5.712566503795048e-06
16.16 2.0946077180581844e-05
16.22 1.1425133007590097e-05
16.28 1.9041888345983494e-05
16.34 3.808377669196699e-05
16.4 4.379634319576204e-05
16.46 5.902985387254883e-05
16.52 0.00010663457473750757
16.58 0.00012948484075268776
16.64 0.00017899375045224485
16.7 0.0002037482053020234
16.759999999999998 0.0002494487373323838
16.82 0.0002894367028589491
16.88 0.00033704142372390785
16.94 0.000278011569851359
17.0 0.0
17.06 0.0
17.12 0.0
17.18 0.0
17.24 0.0
17.3 0.0
17.36 0.0
17.42 0.0
17.48 0.0
17.54 0.0
17.6 0.0
17.66 0.0
17.72 0.0
17.78 0.0
17.84 0.0
17.9 0.0
17.96 0.0
18.02 0.0
18.08 0.0
18.14 0.0
18.2 0.0
18.259999999999998 0.0
18.32 0.0
18.38 0.0
18.439999999999998 0.0
18.5 0.0
18.56 0.0
18.62 0.0
18.68 0.0
18.740000000000002 0.0
18.8 0.0
18.86 0.0
18.92 0.0
18.98 0.0
19.04 0.0
19.1 0.0
19.16 0.0
19.22 0.0
19.28 0.0
19.34 0.0
19.4 0.0
19.46 0.0
19.52 0.0
19.58 0.0
19.64 0.0
19.7 0.0
19.759999999999998 0.0
19.82 0.0
19.88 0.0
19.939999999999998 0.0
19.999999999999996
***
17.333333333333332
91.0
14.0 0.0
14.06 0.0
14.12 0.0
14.18 0.0
14.24 0.0
14.3 0.0
14.36 0.0
14.42 0.0
14.48 0.0
14.54 0.0
14.6 0.0
14.66 0.0
14.72 0.0
14.78 0.0
14.84 0.0
14.9 0.0
14.96 0.0
15.02 0.0
15.08 0.0
15.14 0.0
15.2 0.0
15.26 0.0
15.32 0.0
15.379999999999999 0.0
15.44 0.0
15.5 3.739016638624042e-06
15.56 3.739016638624042e-06
15.62 0.0
15.68 0.0
15.74 0.0
15.8 0.0
15.86 3.739016638624042e-06
15.92 0.0
15.98 0.0
16.04 1.1217049915872125e-05
16.1 7.478033277248084e-06
16.16 3.739016638624042e-06
16.22 2.243409983174425e-05
16.28 1.869508319312021e-05
16.34 2.243409983174425e-05
16.4 4.8607216302112544e-05
16.46 6.356328285660871e-05
16.52 6.730229949523276e-05
16.58 4.48681996634885e-05
16.64 9.721443260422509e-05
16.7 0.00013460459899046552
16.759999999999998 0.000179472798653954
16.82 0.00023555804823331464
16.88 0.00027668723125817907
16.94 0.00028790428117405123
17.0 0.00029912133108992334
17.06 0.0004225088801645167
17.12 0.00029912133108992334
17.18 0.00030659936436717143
17.24 0.00038511871377827633
17.3 0.0001159095157973453
17.36 0.0
17.42 0.0
17.48 0.0
17.54 0.0
17.6 0.0
17.66 0.0
17.72 0.0
17.78 0.0
17.84 0.0
17.9 0.0
17.96 0.0
18.02 0.0
18.08 0.0
18.14 0.0
18.2 0.0
18.259999999999998 0.0
18.32 0.0
18.38 0.0
18.439999999999998 0.0
18.5 0.0
18.56 0.0
18.62 0.0
18.68 0.0
18.740000000000002 0.0
18.8 0.0
18.86 0.0
18.92 0.0
18.98 0.0
19.04 0.0
19.1 0.0
19.16 0.0
19.22 0.0
19.28 0.0
19.34 0.0
19.4 0.0
19.46 0.0
19.52 0.0
19.58 0.0
19.64 0.0
19.7 0.0
19.759999999999998 0.0
19.82 0.0
19.88 0.0
19.939999999999998 0.0
19.999999999999996
***
17.333333333333332
90.66666666666667
14.0 0.0
14.06 0.0
14.12 0.0
14.18 0.0
14.24 0.0
14.3 0.0
14.36 0.0
14.42 0.0
14.48 0.0
14.54 0.0
14.6 0.0
14.66 0.0
14.72 0.0
14.78 0.0
14.84 0.0
14.9 0.0
14.96 0.0
15.02 0.0
15.08 0.0
15.14 0.0
15.2 0.0
15.26 0.0
15.32 0.0
15.379999999999999 0.0
15.44 0.0
15.5 0.0
15.56 0.0
15.62 3.6483434696476066e-06
15.68 0.0
15.74 0.0
15.8 3.6483434696476066e-06
15.86 0.0
15.92 3.6483434696476066e-06
15.98 3.6483434696476066e-06
16.04 3.6483434696476066e-06
16.1 0.0
16.16 3.6483434696476066e-06
16.22 1.824171734823803e-05
16.28 1.4593373878590426e-05
16.34 3.283509122682846e-05
16.4 3.648343469647606e-05
16.46 4.742846510541889e-05
16.52 6.202183898400931e-05
16.58 8.391189980189494e-05
16.64 0.00012769202143766623
16.7 0.00017876883001273272
16.759999999999998 0.0001678237996037899
16.82 0.00019701054736097074
16.88 0.0003210542253289894
16.94 0.00030281250798075134
17.0 0.00036483434696476066
17.06 0.0004487462467666556
17.12 0.00036483434696476066
17.18 0.00040861446860053193
17.24 0.0003794277208433511
17.3 0.00010945030408942819
17.36 0.0
17.42 0.0
17.48 0.0
17.54 0.0
17.6 0.0
17.66 0.0
17.72 0.0
17.78 0.0
17.84 0.0
17.9 0.0
17.96 0.0
18.02 0.0
18.08 0.0
18.14 0.0
18.2 0.0
18.259999999999998 0.0
18.32 0.0
18.38 0.0
18.439999999999998 0.0
18.5 0.0
18.56 0.0
18.62 0.0
18.68 0.0
18.740000000000002 0.0
18.8 0.0
18.86 0.0
18.92 0.0
18.98 0.0
19.04 0.0
19.1 0.0
19.16 0.0
19.22 0.0
19.28 0.0
19.34 0.0
19.4 0.0
19.46 0.0
19.52 0.0
19.58 0.0
19.64 0.0
19.7 0.0
19.759999999999998 0.0
19.82 0.0
19.88 0.0
19.939999999999998 0.0
19.999999999999996
***
17.333333333333332
90.33333333333333
14.0 0.0
14.06 0.0
14.12 0.0
14.18 0.0
14.24 0.0
14.3 0.0
14.36 0.0
14.42 0.0
14.48 0.0
14.54 0.0
14.6 0.0
14.66 0.0
14.72 0.0
14.78 0.0
14.84 0.0
14.9 0.0
14.96 0.0
15.02 0.0
15.08 0.0
15.14 0.0
15.2 0.0
15.26 0.0
15.32 0.0
15.379999999999999 0.0
15.44 0.0
15.5 0.0
15.56 0.0
15.62 0.0
15.68 0.0
15.74 0.0
15.8 0.0
15.86 4.123252256449797e-06
15.92 4.123252256449797e-06
15.98 0.0
16.04 0.0
16.1 4.123252256449797e-06
16.16 1.6493009025799188e-05
16.22 1.6493009025799188e-05
16.28 1.2369756769349392e-05
16.34 2.0616261282248987e-05
16.4 5.7725531590297166e-05
16.46 5.7725531590297166e-05
16.52 8.658829738544574e-05
16.58 9.483480189834534e-05
16.64 0.00012369756769349392
16.7 0.0001814230992837911
16.759999999999998 0.00020616261282248988
16.82 0.00024327188313053805
16.88 0.0002680113966692368
16.94 0.0003174904237466344
17.0 0.00039170896436273073
17.06 0.0004411879914401283
17.12 0.0004494344959530279
17.18 0.0004782972617481765
17.24 0.0004576810004659275
17.3 0.00011957431543704412
17.36 0.0
17.42 0.0
17.48 0.0
17.54 0.0
17.6 0.0
17.66 0.0
17.72 0.0
17.78 0.0
17.84 0.0
17.9 0.0
17.96 0.0
18.02 0.0
18.08 0.0
18.14 0.0
18.2 0.0
18.259999999999998 0.0
18.32 0.0
18.38 0.0
18.439999999999998 0.0
18.5 0.0
18.56 0.0
18.62 0.0
18.68 0.0
18.740000000000002 0.0
18.8 0.0
18.86 0.0
18.92 0.0
18.98 0.0
19.04 0.0
19.1 0.0
19.16 0.0
19.22 0.0
19.28 0.0
19.34 0.0
19.4 0.0
19.46 0.0
19.52 0.0
19.58 0.0
19.64 0.0
19.7 0.0
19.759999999999998 0.0
19.82 0.0
19.88 0.0
19.939999999999998 0.0
19.999999999999996
***
17.666666666666668
91.0
14.0 0.0
14.06 0.0
14.12 0.0
14.18 0.0
14.24 0.0
14.3 0.0
14.36 0.0
14.42 0.0
14.48 0.0
14.54 0.0
14.6 0.0
14.66 0.0
14.72 0.0
14.78 0.0
14.84 0.0
14.9 0.0
14.96 0.0
15.02 0.0
15.08 0.0
15.14 0.0
15.2 0.0
15.26 0.0
15.32 0.0
15.379999999999999 0.0
15.44 0.0
15.5 0.0
15.56 0.0
15.62 0.0
15.68 0.0
15.74 0.0
15.8 6.760913805109899e-06
15.86 0.0
15.92 6.760913805109899e-06
15.98 0.0
16.04 6.760913805109899e-06
16.1 6.760913805109899e-06
16.16 2.0282741415329697e-05
16.22 1.3521827610219798e-05
16.28 3.3804569025549495e-05
16.34 4.0565482830659394e-05
16.4 2.7043655220439596e-05
16.46 1.3521827610219798e-05
16.52 5.408731044087919e-05
16.58 0.00012169644849197817
16.64 0.00012169644849197817
16.7 0.00014197918990730787
16.759999999999998 0.00021634924176351677
16.82 0.00017578375893285736
16.88 0.00028395837981461575
16.94 0.00033804569025549494
17.0 0.0004191766559168137
17.06 0.0003650893454759345
17.12 0.0005205903629934622
17.18 0.00034480660406060483
17.24 0.0004529812249423632
17.3 0.0005476340182139018
17.36 0.0005679167596292315
17.42 0.0004800248801628028
17.48 0.0005003076215781325
17.54 0.0005881995010445612
17.6 0.0004056548283065939
17.66 2.0282741415329697e-05
17.72 0.0
17.78 0.0
17.84 0.0
17.9 0.0
17.96 0.0
18.02 0.0
18.08 0.0
18.14 0.0
18.2 0.0
18.259999999999998 0.0
18.32 0.0
18.38 0.0
18.439999999999998 0.0
18.5 0.0
18.56 0.0
18.62 0.0
18.68 0.0
18.740000000000002 0.0
18.8 0.0
18.86 0.0
18.92 0.0
18.98 0.0
19.04 0.0
19.1 0.0
19.16 0.0
19.22 0.0
19.28 0.0
19.34 0.0
19.4 0.0
19.46 0.0
19.52 0.0
19.58 0.0
19.64 0.0
19.7 0.0
19.759999999999998 0.0
19.82 0.0
19.88 0.0
19.939999999999998 0.0
19.999999999999996
***
17.666666666666668
90.66666666666667
14.0 0.0
14.06 0.0
14.12 0.0
14.18 0.0
14.24 0.0
14.3 0.0
14.36 0.0
14.42 0.0
14.48 0.0
14.54 0.0
14.6 0.0
14.66 0.0
14.72 0.0
14.78 0.0
14.84 0.0
14.9 0.0
14.96 0.0
15.02 0.0
15.08 0.0
15.14 0.0
15.2 0.0
15.26 0.0
15.32 0.0
15.379999999999999 0.0
15.44 0.0
15.5 0.0
15.56 0.0
15.62 0.0
15.68 0.0
15.74 0.0
15.8 0.0
15.86 0.0
15.92 0.0
15.98 1.4321005334574486e-05
16.04 7.160502667287243e-06
16.1 7.160502667287243e-06
16.16 7.160502667287243e-06
16.22 2.148150800186173e-05
16.28 2.8642010669148973e-05
16.34 2.148150800186173e-05
16.4 1.4321005334574486e-05
16.46 6.444452400558519e-05
16.52 2.8642010669148973e-05
16.58 7.876552934015967e-05
16.64 0.00013604955067845762
16.7 0.00025061759335505353
16.759999999999998 0.0002148150800186173
16.82 0.00025777809602234075
16.88 0.0003508646306970749
16.94 0.0004009881493680856
17.0 0.0004009881493680856
17.06 0.00046543267337367084
17.12 0.00046543267337367084
17.18 0.0005800007160502667
17.24 0.0005155561920446815
17.3 0.0005370377000465433
17.36 0.0005656797107156923
17.42 0.0005227166947119688
17.48 0.0005800007160502667
17.54 0.00043679066270452184
17.6 0.0003508646306970749
17.66 0.0
17.72 0.0
17.78 0.0
17.84 0.0
17.9 0.0
17.96 0.0
18.02 0.0
18.08 0.0
18.14 0.0
18.2 0.0
18.259999999999998 0.0
18.32 0.0
18.38 0.0
18.439999999999998 0.0
18.5 0.0
18.56 0.0
18.62 0.0
18.68 0.0
18.740000000000002 0.0
18.8 0.0
18.86 0.0
18.92 0.0
18.98 0.0
19.04 0.0
19.1 0.0
19.16 0.0
19.22 0.0
19.28 0.0
19.34 0.0
19.4 0.0
19.46 0.0
19.52 0.0
19.58 0.0
19.64 0.0
19.7 0.0
19.759999999999998 0.0
19.82 0.0
19.88 0.0
19.939999999999998 0.0
19.999999999999996
***
17.666666666666668
90.33333333333333
14.0 0.0
14.06 0.0
14.12 0.0
14.18 0.0
14.24 0.0
14.3 0.0
14.36 0.0
14.42 0.0
14.48 0.0
14.54 0.0
14.6 0.0
14.66 0.0
14.72 0.0
14.78 0.0
14.84 0.0
14.9 0.0
14.96 0.0
15.02 0.0
15.08 0.0
15.14 0.0
15.2 0.0
15.26 0.0
15.32 0.0
15.379999999999999 0.0
15.44 0.0
15.5 0.0
15.56 0.0
15.62 0.0
15.68 0.0
15.74 0.0
15.8 0.0
15.86 0.0
15.92 0.0
15.98 0.0
16.04 0.0
16.1 0.0
16.16 1.585012125342759e-05
16.22 1.585012125342759e-05
16.28 1.585012125342759e-05
16.34 2.3775181880141382e-05
16.4 5.547542438699656e-05
16.46 5.547542438699656e-05
16.52 6.340048501371036e-05
16.58 0.0001268009700274207
16.64 0.00018227639441441727
16.7 0.00023775181880141382
16.759999999999998 0.00022982675817470003
16.82 0.0002456768794281276
16.88 0.0002853021825616966
16.94 0.0004121031525891173
17.0 0.00048342869822954145
17.06 0.0005943795470035346
17.12 0.0005468291832432518
17.18 0.0005943795470035346
17.24 0.0006577800320172449
17.3 0.0006260797895103898
17.36 0.0006498549713905311
17.42 0.0006260797895103898
17.48 0.0006815552138973863
17.54 0.0006577800320172449
17.6 0.0005072038801096828
17.66 0.0
17.72 0.0
17.78 0.0
17.84 0.0
17.9 0.0
17.96 0.0
18.02 0.0
18.08 0.0
18.14 0.0
18.2 0.0
18.259999999999998 0.0
18.32 0.0
18.38 0.0
18.439999999999998 0.0
18.5 0.0
18.56 0.0
18.62 0.0
18.68 0.0
18.740000000000002 0.0
18.8 0.0
18.86 0.0
18.92 0.0
18.98 0.0
19.04 0.0
19.1 0.0
19.16 0.0
19.22 0.0
19.28 0.0
19.34 0.0
19.4 0.0
19.46 0.0
19.52 0.0
19.58 0.0
19.64 0.0
19.7 0.0
19.759999999999998 0.0
19.82 0.0
19.88 0.0
19.939999999999998 0.0
19.999999999999996
***
18.0
91.0
14.0 0.0
14.06 0.0
14.12 0.0
14.18 0.0
14.24 0.0
14.3 0.0
14.36 0.0
14.42 0.0
14.48 0.0
14.54 0.0
14.6 0.0
14.66 0.0
14.72 0.0
14.78 0.0
14.84 0.0
14.9 0.0
14.96 0.0
15.02 0.0
15.08 0.0
15.14 0.0
15.2 0.0
15.26 0.0
15.32 0.0
15.379999999999999 0.0
15.44 0.0
15.5 0.0
15.56 0.0
15.62 0.0
15.68 0.0
15.74 0.0
15.8 1.1467495384333109e-05
15.86 1.1467495384333109e-05
15.92 1.1467495384333109e-05
15.98 1.1467495384333109e-05
16.04 0.0
16.1 0.0
16.16 0.0
16.22 1.1467495384333109e-05
16.28 3.440248615299932e-05
16.34 3.440248615299932e-05
16.4 9.173996307466487e-05
16.46 4.5869981537332434e-05
16.52 3.440248615299932e-05
16.58 0.00013760994461199728
16.64 0.00011467495384333108
16.7 0.00021788241230232905
16.759999999999998 0.00020641491691799594
16.82 0.00030962237537699393
16.88 0.0004472323199889912
16.94 0.0004472323199889912
17.0 0.00036695985229865947
17.06 0.0004701673107576574
17.12 0.0006651147322913202
17.18 0.0005963097599853216
17.24 0.000642179741522654
17.3 0.0005848422646009885
17.36 0.0005045697969106568
17.42 0.0006995172184443196
17.48 0.0006651147322913202
17.54 0.0005504397784479891
17.6 0.0007568546953659851
17.66 0.000630712246138321
17.72 0.0007797896861346513
17.78 0.000527504787679323
17.84 0.0005045697969106568
17.9 0.0003325573661456601
17.96 0.00022934990768666216
18.02 0.0
18.08 0.0
18.14 0.0
18.2 0.0
18.259999999999998 0.0
18.32 0.0
18.38 0.0
18.439999999999998 0.0
18.5 0.0
18.56 0.0
18.62 0.0
18.68 0.0
18.740000000000002 0.0
18.8 0.0
18.86 0.0
18.92 0.0
18.98 0.0
19.04 0.0
19.1 0.0
19.16 0.0
19.22 0.0
19.28 0.0
19.34 0.0
19.4 0.0
19.46 0.0
19.52 0.0
19.58 0.0
19.64 0.0
19.7 0.0
19.759999999999998 0.0
19.82 0.0
19.88 0.0
19.939999999999998 0.0
19.999999999999996
***
18.0
90.66666666666667
14.0 0.0
14.06 0.0
14.12 0.0
14.18 0.0
14.24 0.0
14.3 0.0
14.36 0.0
14.42 0.0
14.48 0.0
14.54 0.0
14.6 0.0
14.66 0.0
14.72 0.0
14.78 0.0
14.84 0.0
14.9 0.0
14.96 0.0
15.02 0.0
15.08 0.0
15.14 0.0
15.2 0.0
15.26 0.0
15.32 0.0
15.379999999999999 0.0
15.44 0.0
15.5 0.0
15.56 0.0
15.62 0.0
15.68 0.0
15.74 0.0
15.8 0.0
15.86 0.0
15.92 1.2963611143520139e-05
15.98 2.5927222287040277e-05
16.04 0.0
16.1 0.0
16.16 0.0
16.22 0.0
16.28 2.5927222287040277e-05
16.34 0.0
16.4 2.5927222287040277e-05
16.46 6.48180557176007e-05
16.52 7.778166686112083e-05
16.58 0.00010370888914816111
16.64 0.00014259972257872153
16.7 0.00020741777829632222
16.759999999999998 0.0001944541671528021
16.82 0.0003889083343056042
16.88 0.0003240902785880035
16.94 0.00044076277887968474
17.0 0.0005574352791713659
17.06 0.0004926172234537652
17.12 0.00045372639002320487
17.18 0.0006352169460324868
17.24 0.0007129986128936077
17.3 0.0006870713906065674
17.36 0.0005703988903148861
17.42 0.0007648530574676882
17.48 0.0007129986128936077
17.54 0.0008167075020417688
17.6 0.0006870713906065674
17.66 0.0007907802797547284
17.72 0.000648180557176007
17.78 0.00042779916773616456
17.84 0.0005315080568843257
17.9 0.000648180557176007
17.96 0.00022038138943984237
18.02 0.0
18.08 0.0
18.14 0.0
18.2 0.0
18.259999999999998 0.0
18.32 0.0
18.38 0.0
18.439999999999998 0.0
18.5 0.0
18.56 0.0
18.62 0.0
18.68 0.0
18.740000000000002 0.0
18.8 0.0
18.86 0.0
18.92 0.0
18.98 0.0
19.04 0.0
19.1 0.0
19.16 0.0
19.22 0.0
19.28 0.0
19.34 0.0
19.4 0.0
19.46 0.0
19.52 0.0
19.58 0.0
19.64 0.0
19.7 0.0
19.759999999999998 0.0
19.82 0.0
19.88 0.0
19.939999999999998 0.0
19.999999999999996
***
18.0
90.33333333333333
14.0 0.0
14.06 0.0
14.12 0.0
14.18 0.0
14.24 0.0
14.3 0.0
14.36 0.0
14.42 0.0
14.48 0.0
14.54 0.0
14.6 0.0
14.66 0.0
14.72 0.0
14.78 0.0
14.84 0.0
14.9 0.0
14.96 0.0
15.02 0.0
15.08 0.0
15.14 0.0
15.2 0.0
15.26 0.0
15.32 0.0
15.379999999999999 0.0
15.44 0.0
15.5 0.0
15.56 0.0
15.62 0.0
15.68 0.0
15.74 0.0
15.8 0.0
15.86 0.0
15.92 0.0
15.98 0.0
16.04 0.0
16.1 0.0
16.16 1.3826477704804702e-05
16.22 0.0
16.28 1.3826477704804702e-05
16.34 0.0
16.4 6.91323885240235e-05
16.46 2.7652955409609403e-05
16.52 0.000138264777048047
16.58 0.0001520912547528517
16.64 0.00012443829934324232
16.7 0.0002350501209816799
16.759999999999998 0.00022122364327687523
16.82 0.00033183546491531284
16.88 0.00041479433114414104
16.94 0.00048392671966816455
17.0 0.0004977531973729693
17.06 0.0005254061527825787
17.12 0.0005115796750777739
17.18 0.0006360179744210162
17.24 0.0007051503629450398
17.3 0.0009678534393363291
17.36 0.0009678534393363291
17.42 0.0008987210508123055
17.48 0.0009402004839267196
17.54 0.0009816799170411338
17.6 0.0007742827514690632
17.66 0.0009402004839267196
17.72 0.0008710680954026962
17.78 0.0008157621845834773
17.84 0.0007466297960594539
17.9 0.000691323885240235
17.96 0.000276529554096094
18.02 0.0
18.08 0.0
18.14 0.0
18.2 0.0
18.259999999999998 0.0
18.32 0.0
18.38 0.0
18.439999999999998 0.0
18.5 0.0
18.56 0.0
18.62 0.0
18.68 0.0
18.740000000000002 0.0
18.8 0.0
18.86 0.0
18.92 0.0
18.98 0.0
19.04 0.0
19.1 0.0
19.16 0.0
19.22 0.0
19.28 0.0
19.34 0.0
19.4 0.0
19.46 0.0
19.52 0.0
19.58 0.0
19.64 0.0
19.7 0.0
19.759999999999998 0.0
19.82 0.0
19.88 0.0
19.939999999999998 0.0
19.999999999999996
***
18.333333333333332
91.0
14.0 0.0
14.06 0.0
14.12 0.0
14.18 0.0
14.24 0.0
14.3 0.0
14.36 0.0
14.42 0.0
14.48 0.0
14.54 0.0
14.6 0.0
14.66 0.0
14.72 0.0
14.78 0.0
14.84 0.0
14.9 0.0
14.96 0.0
15.02 0.0
15.08 0.0
15.14 0.0
15.2 0.0
15.26 0.0
15.32 0.0
15.379999999999999 0.0
15.44 0.0
15.5 0.0
15.56 0.0
15.62 0.0
15.68 0.0
15.74 0.0
15.8 0.0
15.86 0.0
15.92 0.0
15.98 0.0
16.04 0.0
16.1 0.0
16.16 3.420206580477461e-05
16.22 3.420206580477461e-05
16.28 1.7101032902387305e-05
16.34 0.00011970723031671113
16.4 3.420206580477461e-05
16.46 0.00013680826321909844
16.52 0.00010260619741432382
16.58 0.00013680826321909844
16.64 0.00018811136192626034
16.7 0.0003420206580477461
16.759999999999998 0.0004104247896572953
16.82 0.0003078185922429715
16.88 0.0002907175593405842
16.94 0.0005301320199740064
17.0 0.0005301320199740064
17.06 0.0005130309870716191
17.12 0.00047882892126684454
17.18 0.0007524454477050414
17.24 0.0007182433819002668
17.3 0.0006840413160954922
17.36 0.0007182433819002668
17.42 0.0007011423489978795
17.48 0.0008208495793145906
17.54 0.0008037485464122033
17.6 0.0005130309870716191
17.66 0.0007011423489978795
17.72 0.0007524454477050414
17.78 0.001008960941240851
17.84 0.0008721526780217525
17.9 0.0007353444148026541
17.96 0.0006669402831931049
18.02 0.0005814351186811683
18.08 0.0006327382173883303
18.14 0.0005301320199740064
18.2 0.0005814351186811683
18.259999999999998 0.0003420206580477461
18.32 3.420206580477461e-05
18.38 0.0
18.439999999999998 0.0
18.5 0.0
18.56 0.0
18.62 0.0
18.68 0.0
18.740000000000002 0.0
18.8 0.0
18.86 0.0
18.92 0.0
18.98 0.0
19.04 0.0
19.1 0.0
19.16 0.0
19.22 0.0
19.28 0.0
19.34 0.0
19.4 0.0
19.46 0.0
19.52 0.0
19.58 0.0
19.64 0.0
19.7 0.0
19.759999999999998 0.0
19.82 0.0
19.88 0.0
19.939999999999998 0.0
19.999999999999996
***
18.333333333333332
90.66666666666667
14.0 0.0
14.06 0.0
14.12 0.0
14.18 0.0
14.24 0.0
14.3 0.0
14.36 0.0
14.42 0.0
14.48 0.0
14.54 0.0
14.6 0.0
14.66 0.0
14.72 0.0
14.78 0.0
14.84 0.0
14.9 0.0
14.96 0.0
15.02 0.0
15.08 0.0
15.14 0.0
15.2 0.0
15.26 0.0
15.32 0.0
15.379999999999999 0.0
15.44 0.0
15.5 0.0
15.56 0.0
15.62 0.0
15.68 0.0
15.74 0.0
15.8 0.0
15.86 0.0
15.92 0.0
15.98 0.0
16.04 2.0169423154497783e-05
16.1 0.0
16.16 0.0
16.22 4.0338846308995566e-05
16.28 4.0338846308995566e-05
16.34 0.0
16.4 0.00012101653892698669
16.46 2.0169423154497783e-05
16.52 8.067769261799113e-05
16.58 0.0001008471157724889
16.64 0.00022186365469947558
16.7 0.0002016942315449778
16.759999999999998 0.0002016942315449778
16.82 0.0004235578862444534
16.88 0.0003428801936264623
16.94 0.00048406615570794676
17.0 0.0005647438483259379
17.06 0.000826946349334409
17.12 0.0008067769261799112
17.18 0.0008471157724889068
17.24 0.0009681323114158935
17.3 0.000826946349334409
17.36 0.0007462686567164179
17.42 0.001008471157724889
17.48 0.0010488100040338846
17.54 0.0010891488503428802
17.6 0.0007866075030254135
17.66 0.0009076240419524002
17.72 0.0008471157724889068
17.78 0.001008471157724889
17.84 0.0010286405808793868
17.9 0.0008672851956434046
17.96 0.0008874546187979023
18.02 0.000826946349334409
18.08 0.0005042355788624445
18.14 0.0007059298104074224
18.2 0.0006655909640984268
18.259999999999998 0.00038321903993545785
18.32 4.0338846308995566e-05
18.38 0.0
18.439999999999998 0.0
18.5 0.0
18.56 0.0
18.62 0.0
18.68 0.0
18.740000000000002 0.0
18.8 0.0
18.86 0.0
18.92 0.0
18.98 0.0
19.04 0.0
19.1 0.0
19.16 0.0
19.22 0.0
19.28 0.0
19.34 0.0
19.4 0.0
19.46 0.0
19.52 0.0
19.58 0.0
19.64 0.0
19.7 0.0
19.759999999999998 0.0
19.82 0.0
19.88 0.0
19.939999999999998 0.0
19.999999999999996
***
18.333333333333332
90.33333333333333
14.0 0.0
14.06 0.0
14.12 0.0
14.18 0.0
14.24 0.0
14.3 0.0
14.36 0.0
14.42 0.0
14.48 0.0
14.54 0.0
14.6 0.0
14.66 0.0
14.72 0.0
14.78 0.0
14.84 0.0
14.9 0.0
14.96 0.0
15.02 0.0
15.08 0.0
15.14 0.0
15.2 0.0
15.26 0.0
15.32 0.0
15.379999999999999 0.0
15.44 0.0
15.5 0.0
15.56 0.0
15.62 0.0
15.68 0.0
15.74 0.0
15.8 0.0
15.86 0.0
15.92 0.0
15.98 0.0
16.04 2.286027798098025e-05
16.1 0.0
16.16 0.0
16.22 0.0
16.28 2.286027798098025e-05
16.34 4.57205559619605e-05
16.4 2.286027798098025e-05
16.46 6.858083394294074e-05
16.52 0.00013716166788588148
16.58 0.000182882223847842
16.64 0.00016002194586686174
16.7 0.0005943672275054865
16.759999999999998 0.00020574250182882223
16.82 0.0005029261155815655
16.88 0.0006629480614484272
16.94 0.0007086686174103878
17.0 0.0006172275054864667
17.06 0.0006629480614484272
17.12 0.0008001097293343087
17.18 0.0008458302852962692
17.24 0.0007543891733723482
17.3 0.0011430138990490123
17.36 0.0008915508412582297
17.42 0.0010515727871250914
17.48 0.0011430138990490123
17.54 0.0014859180687637162
17.6 0.0013030358449158742
17.66 0.0011658741770299928
17.72 0.0008915508412582297
17.78 0.0009829919531821507
17.84 0.0006858083394294074
17.9 0.0010515727871250914
17.96 0.0009144111192392099
18.02 0.0013487564008778346
18.08 0.001005852231163131
18.14 0.0008915508412582297
18.2 0.0008686905632772495
18.259999999999998 0.0007772494513533284
18.32 6.858083394294074e-05
18.38 0.0
18.439999999999998 0.0
18.5 0.0
18.56 0.0
18.62 0.0
18.68 0.0
18.740000000000002 0.0
18.8 0.0
18.86 0.0
18.92 0.0
18.98 0.0
19.04 0.0
19.1 0.0
19.16 0.0
19.22 0.0
19.28 0.0
19.34 0.0
19.4 0.0
19.46 0.0
19.52 0.0
19.58 0.0
19.64 0.0
19.7 0.0
19.759999999999998 0.0
19.82 0.0
19.88 0.0
19.939999999999998 0.0
19.999999999999996
***
18.666666666666668
91.0
14.0 0.0
14.06 0.0
14.12 0.0
14.18 0.0
14.24 0.0
14.3 0.0
14.36 0.0
14.42 0.0
14.48 0.0
14.54 0.0
14.6 0.0
14.66 0.0
14.72 0.0
14.78 0.0
14.84 0.0
14.9 0.0
14.96 0.0
15.02 0.0
15.08 0.0
15.14 0.0
15.2 0.0
15.26 0.0
15.32 0.0
15.379999999999999 0.0
15.44 0.0
15.5 0.0
15.56 0.0
15.62 0.0
15.68 2.437003460544914e-05
15.74 0.0
15.8 0.0
15.86 0.0
15.92 0.0
15.98 0.0
16.04 0.0
16.1 0.0
16.16 0.0
16.22 4.874006921089828e-05
16.28 2.437003460544914e-05
16.34 9.748013842179656e-05
16.4 4.874006921089828e-05
16.46 9.748013842179656e-05
16.52 0.00014622020763269483
16.58 0.00019496027684359312
16.64 0.000170590242238144
16.7 0.00029244041526538966
16.759999999999998 0.00021933031144904226
16.82 0.00026807038065994055
16.88 0.0005605107959253303
16.94 0.0004630306575035337
17.0 0.001047911488034313
17.06 0.0006092508651362285
17.12 0.000706731003558025
17.18 0.000877321245796169
17.24 0.0007798411073743725
17.3 0.0006092508651362285
17.36 0.0009748013842179656
17.42 0.0008285811765852707
17.48 0.0007798411073743725
17.54 0.0010722815226397622
17.6 0.000706731003558025
17.66 0.0010966515572452113
17.72 0.0010966515572452113
17.78 0.0008042111419798217
17.84 0.0009016912804016182
17.9 0.0008042111419798217
17.96 0.0008042111419798217
18.02 0.0007554710727689233
18.08 0.0009504313496125164
18.14 0.0007311010381634742
18.2 0.0007311010381634742
18.259999999999998 0.0008285811765852707
18.32 0.0005361407613198811
18.38 0.0006579909343471268
18.439999999999998 0.000706731003558025
18.5 0.0006092508651362285
18.56 0.0006336208997416776
18.62 0.0003168104498708388
18.68 0.0
18.740000000000002 0.0
18.8 0.0
18.86 0.0
18.92 0.0
18.98 0.0
19.04 0.0
19.1 0.0
19.16 0.0
19.22 0.0
19.28 0.0
19.34 0.0
19.4 0.0
19.46 0.0
19.52 0.0
19.58 0.0
19.64 0.0
19.7 0.0
19.759999999999998 0.0
19.82 0.0
19.88 0.0
19.939999999999998 0.0
19.999999999999996
***
18.666666666666668
90.66666666666667
14.0 0.0
14.06 0.0
14.12 0.0
14.18 0.0
14.24 0.0
14.3 0.0
14.36 0.0
14.42 0.0
14.48 0.0
14.54 0.0
14.6 0.0
14.66 0.0
14.72 0.0
14.78 0.0
14.84 0.0
14.9 0.0
14.96 0.0
15.02 0.0
15.08 0.0
15.14 0.0
15.2 0.0
15.26 0.0
15.32 0.0
15.379999999999999 0.0
15.44 0.0
15.5 0.0
15.56 0.0
15.62 2.9120559114735002e-05
15.68 0.0
15.74 0.0
15.8 0.0
15.86 0.0
15.92 0.0
15.98 0.0
16.04 0.0
16.1 0.0
16.16 0.0
16.22 2.9120559114735002e-05
16.28 0.0
16.34 2.9120559114735002e-05
16.4 8.736167734420501e-05
16.46 0.00011648223645894001
16.52 8.736167734420501e-05
16.58 0.00011648223645894001
16.64 0.00014560279557367502
16.7 0.00029120559114735004
16.759999999999998 0.000320326150262085
16.82 0.00043680838672102506
16.88 0.00064065230052417
16.94 0.0009900990099009901
17.0 0.0005824111822947001
17.06 0.0009900990099009901
17.12 0.0009609784507862551
17.18 0.0009027373325567851
17.24 0.0010774606872451951
17.3 0.001135701805474665
17.36 0.0010774606872451951
17.42 0.001193942923704135
17.48 0.0008736167734420501
17.54 0.00128130460104834
17.6 0.0010774606872451951
17.66 0.00122306348281887
17.72 0.00122306348281887
17.78 0.0010774606872451951
17.84 0.0009900990099009901
17.9 0.0010774606872451951
17.96 0.0009609784507862551
18.02 0.0014851485148514852
18.08 0.0009027373325567851
18.14 0.00104834012813046
18.2 0.0008736167734420501
18.259999999999998 0.0007571345369831101
18.32 0.0009609784507862551
18.38 0.000728013977868375
18.439999999999998 0.000611531741409435
18.5 0.0006988934187536401
18.56 0.00046592894583576003
18.62 0.000320326150262085
18.68 0.0
18.740000000000002 0.0
18.8 0.0
18.86 0.0
18.92 0.0
18.98 0.0
19.04 0.0
19.1 0.0
19.16 0.0
19.22 0.0
19.28 0.0
19.34 0.0
19.4 0.0
19.46 0.0
19.52 0.0
19.58 0.0
19.64 0.0
19.7 0.0
19.759999999999998 0.0
19.82 0.0
19.88 0.0
19.939999999999998 0.0
19.999999999999996
***
18.666666666666668
90.33333333333333
14.0 0.0
14.06 0.0
14.12 0.0
14.18 0.0
14.24 0.0
14.3 0.0
14.36 0.0
14.42 0.0
14.48 0.0
14.54 0.0
14.6 0.0
14.66 0.0
14.72 0.0
14.78 0.0
14.84 0.0
14.9 0.0
14.96 0.0
15.02 0.0
15.08 0.0
15.14 0.0
15.2 0.0
15.26 0.0
15.32 0.0
15.379999999999999 0.0
15.44 0.0
15.5 0.0
15.56 0.0
15.62 0.0
15.68 0.0
15.74 0.0
15.8 0.0
15.86 3.425478710649813e-05
15.92 0.0
15.98 0.0
16.04 3.425478710649813e-05
16.1 0.0
16.16 3.425478710649813e-05
16.22 6.850957421299626e-05
16.28 3.425478710649813e-05
16.34 3.425478710649813e-05
16.4 3.425478710649813e-05
16.46 0.00013701914842599252
16.52 0.00013701914842599252
16.58 0.0003082930839584832
16.64 0.0003082930839584832
16.7 0.0004110574452779776
16.759999999999998 0.0004453122323844757
16.82 0.0008563696776624533
16.88 0.0004453122323844757
16.94 0.0006508409550234646
17.0 0.000993388826088446
17.06 0.0007193505292364608
17.12 0.0010961531874079402
17.18 0.001027643613194944
17.24 0.0016099749940054122
17.3 0.0012674271229404308
17.36 0.0011989175487274347
17.42 0.0013016819100469292
17.48 0.0013701914842599253
17.54 0.0013016819100469292
17.6 0.0013016819100469292
17.66 0.0014729558455794198
17.72 0.0013016819100469292
17.78 0.0013701914842599253
17.84 0.0017127393553249067
17.9 0.0013359366971534272
17.96 0.0011989175487274347
18.02 0.0016099749940054122
18.08 0.0011646627616209366
18.14 0.0013016819100469292
18.2 0.0010961531874079402
18.259999999999998 0.001027643613194944
18.32 0.0009248792518754496
18.38 0.0010961531874079402
18.439999999999998 0.0012331723358339328
18.5 0.0006508409550234646
18.56 0.0013359366971534272
18.62 0.00047956701949097386
18.68 0.0
18.740000000000002 0.0
18.8 0.0
18.86 0.0
18.92 0.0
18.98 0.0
19.04 0.0
19.1 0.0
19.16 0.0
19.22 0.0
19.28 0.0
19.34 0.0
19.4 0.0
19.46 0.0
19.52 0.0
19.58 0.0
19.64 0.0
19.7 0.0
19.759999999999998 0.0
19.82 0.0
19.88 0.0
19.939999999999998 0.0
19.999999999999996
***
19.0
91.0
14.0 0.0
14.06 0.0
14.12 0.0
14.18 0.0
14.24 0.0
14.3 0.0
14.36 0.0
14.42 0.0
14.48 0.0
14.54 0.0
14.6 0.0
14.66 0.0
14.72 0.0
14.78 0.0
14.84 0.0
14.9 0.0
14.96 0.0
15.02 0.0
15.08 0.0
15.14 0.0
15.2 0.0
15.26 0.0
15.32 0.0
15.379999999999999 0.0
15.44 0.0
15.5 0.0
15.56 0.0
15.62 0.0
15.68 0.0
15.74 0.0
15.8 0.0
15.86 0.0
15.92 0.0
15.98 0.0
16.04 0.0
16.1 0.0
16.16 3.180560414745078e-05
16.22 3.180560414745078e-05
16.28 3.180560414745078e-05
16.34 9.541681244235235e-05
16.4 9.541681244235235e-05
16.46 9.541681244235235e-05
16.52 9.541681244235235e-05
16.58 0.0001590280207372539
16.64 9.541681244235235e-05
16.7 0.00025444483317960625
16.759999999999998 0.0003816672497694094
16.82 0.00025444483317960625
16.88 0.00041347285391686014
16.94 0.0005725008746541141
17.0 0.0009223625202760727
17.06 0.0006997232912439172
17.12 0.0007951401036862695
17.18 0.0008905569161286219
17.24 0.0008587513119811711
17.3 0.0007951401036862695
17.36 0.0009859737285709742
17.42 0.001017779332718425
17.48 0.0009859737285709742
17.54 0.0008269457078337203
17.6 0.0011131961451607774
17.66 0.0009859737285709742
17.72 0.0008269457078337203
17.78 0.001176807353455679
17.84 0.0012086129576031296
17.9 0.0012404185617505804
17.96 0.0010495849368658758
18.02 0.0009859737285709742
18.08 0.0009223625202760727
18.14 0.0008905569161286219
18.2 0.0009541681244235234
18.259999999999998 0.0009541681244235234
18.32 0.0005406952705066633
18.38 0.0009541681244235234
18.439999999999998 0.0007633344995388188
18.5 0.0006679176870964664
18.56 0.0005725008746541141
18.62 0.0006043064788015648
18.68 0.0007633344995388188
18.740000000000002 0.0005725008746541141
18.8 0.0005406952705066633
18.86 0.0005406952705066633
18.92 0.0005088896663592125
18.98 0.00012722241658980312
19.04 0.0
19.1 0.0
19.16 0.0
19.22 0.0
19.28 0.0
19.34 0.0
19.4 0.0
19.46 0.0
19.52 0.0
19.58 0.0
19.64 0.0
19.7 0.0
19.759999999999998 0.0
19.82 0.0
19.88 0.0
19.939999999999998 0.0
19.999999999999996
***
19.0
90.66666666666667
14.0 0.0
14.06 0.0
14.12 0.0
14.18 0.0
14.24 0.0
14.3 0.0
14.36 0.0
14.42 0.0
14.48 0.0
14.54 0.0
14.6 0.0
14.66 0.0
14.72 0.0
14.78 0.0
14.84 0.0
14.9 0.0
14.96 0.0
15.02 0.0
15.08 0.0
15.14 0.0
15.2 0.0
15.26 0.0
15.32 0.0
15.379999999999999 0.0
15.44 3.8853057735643796e-05
15.5 0.0
15.56 0.0
15.62 0.0
15.68 0.0
15.74 0.0
15.8 0.0
15.86 0.0
15.92 0.0
15.98 0.0
16.04 3.8853057735643796e-05
16.1 0.0
16.16 3.8853057735643796e-05
16.22 3.8853057735643796e-05
16.28 0.0
16.34 3.8853057735643796e-05
16.4 0.00011655917320693139
16.46 7.770611547128759e-05
16.52 7.770611547128759e-05
16.58 0.00038853057735643794
16.64 0.00023311834641386278
16.7 0.00042738363509208177
16.759999999999998 0.0005050897505633693
16.82 0.00046623669282772556
16.88 0.0005439428082990132
16.94 0.0007382080969772321
17.0 0.0006993550392415883
17.06 0.0009713264433910949
17.12 0.0006993550392415883
17.18 0.0010878856165980264
17.24 0.0009713264433910949
17.3 0.0013987100784831766
17.36 0.00112673867433367
17.42 0.0010101795011267386
17.48 0.0014764161939544642
17.54 0.0015541223094257517
17.6 0.0008936203279198073
17.66 0.001709534540368327
17.72 0.0014764161939544642
17.78 0.001359857020747533
17.84 0.0010878856165980264
17.9 0.001321003963011889
17.96 0.00112673867433367
18.02 0.0016706814826326832
18.08 0.001321003963011889
18.14 0.0012821509052762452
18.2 0.0012821509052762452
18.259999999999998 0.001165591732069314
18.32 0.0009713264433910949
18.38 0.0007382080969772321
18.439999999999998 0.0010490325588623825
18.5 0.0010101795011267386
18.56 0.00112673867433367
18.62 0.0006993550392415883
18.68 0.0006605019815059445
18.740000000000002 0.0008159142124485197
18.8 0.000582795866034657
18.86 0.0009713264433910949
18.92 0.0006993550392415883
18.98 0.00015541223094257519
19.04 0.0
19.1 0.0
19.16 0.0
19.22 0.0
19.28 0.0
19.34 0.0
19.4 0.0
19.46 0.0
19.52 0.0
19.58 0.0
19.64 0.0
19.7 0.0
19.759999999999998 0.0
19.82 0.0
19.88 0.0
19.939999999999998 0.0
19.999999999999996
***
19.0
90.33333333333333
14.0 0.0
14.06 0.0
14.12 0.0
14.18 0.0
14.24 0.0
14.3 0.0
14.36 0.0
14.42 0.0
14.48 0.0
14.54 0.0
14.6 0.0
14.66 0.0
14.72 0.0
14.78 0.0
14.84 0.0
14.9 0.0
14.96 0.0
15.02 0.0
15.08 0.0
15.14 0.0
15.2 0.0
15.26 0.0
15.32 0.0
15.379999999999999 0.0
15.44 0.0
15.5 0.0
15.56 0.0
15.62 0.0
15.68 0.0
15.74 0.0
15.8 0.0
15.86 0.0
15.92 0.0
15.98 0.0
16.04 0.0
16.1 4.942909396470763e-05
16.16 4.942909396470763e-05
16.22 0.0
16.28 4.942909396470763e-05
16.34 0.00014828728189412288
16.4 4.942909396470763e-05
16.46 0.0001977163758588305
16.52 0.0003460036577529534
16.58 0.0001977163758588305
16.64 0.0001977163758588305
16.7 0.0006920073155059068
16.759999999999998 0.0003460036577529534
16.82 0.00044486184568236865
16.88 0.0006920073155059068
16.94 0.0009885818792941526
17.0 0.0006920073155059068
17.06 0.0010874400672235677
17.12 0.001581731006870644
17.18 0.0012851564430823982
17.24 0.001186298255152983
17.3 0.0013840146310118136
17.36 0.001581731006870644
17.42 0.002026592852553013
17.48 0.001581731006870644
17.54 0.0018783055706588898
17.6 0.0019277346646235974
17.66 0.0010874400672235677
17.72 0.002026592852553013
17.78 0.0020760219465177205
17.84 0.0019277346646235974
17.9 0.0015323019129059364
17.96 0.001730018288764767
18.02 0.0014828728189412287
18.08 0.001581731006870644
18.14 0.0018288764766941823
18.2 0.0014828728189412287
18.259999999999998 0.001581731006870644
18.32 0.0017794473827294746
18.38 0.001581731006870644
18.439999999999998 0.001334585537047106
18.5 0.0012357273491176908
18.56 0.0019277346646235974
18.62 0.001334585537047106
18.68 0.0012357273491176908
18.740000000000002 0.0006425782215411991
18.8 0.0009391527853294449
18.86 0.0008897236913647373
18.92 0.0009885818792941526
18.98 4.942909396470763e-05
19.04 0.0
19.1 0.0
19.16 0.0
19.22 0.0
19.28 0.0
19.34 0.0
19.4 0.0
19.46 0.0
19.52 0.0
19.58 0.0
19.64 0.0
19.7 0.0
19.759999999999998 0.0
19.82 0.0
19.88 0.0
19.939999999999998 0.0
19.999999999999996
***
19.333333333333332
91.0
14.0 0.0
14.06 0.0
14.12 0.0
14.18 0.0
14.24 0.0
14.3 0.0
14.36 0.0
14.42 0.0
14.48 0.0
14.54 0.0
14.6 0.0
14.66 0.0
14.72 0.0
14.78 0.0
14.84 0.0
14.9 0.0
14.96 0.0
15.02 0.0
15.08 0.0
15.14 0.0
15.2 0.0
15.26 0.0
15.32 0.0
15.379999999999999 0.0
15.44 0.0
15.5 0.0
15.56 0.0
15.62 0.0
15.68 0.0
15.74 0.0
15.8 0.0
15.86 0.0
15.92 0.0
15.98 0.0
16.04 0.0
16.1 0.0
16.16 0.0
16.22 0.0
16.28 3.536568114301882e-05
16.34 7.073136228603763e-05
16.4 0.0
16.46 0.00017682840571509408
16.52 0.00028292544914415053
16.58 0.0002475597680011317
16.64 0.00035365681143018817
16.7 0.0002121940868581129
16.759999999999998 0.0004951195360022634
16.82 0.00035365681143018817
16.88 0.0007073136228603763
16.94 0.0007426793040033952
17.0 0.0005658508982883011
17.06 0.0005658508982883011
17.12 0.000778044985146414
17.18 0.0008134106662894328
17.24 0.0006719479417173575
17.3 0.0006365822605743387
17.36 0.0010609704342905645
17.42 0.0012377988400056586
17.48 0.0010256047531475457
17.54 0.0008841420285754703
17.6 0.0016975526948649032
17.66 0.0009548733908615079
17.72 0.0009902390720045269
17.78 0.0008134106662894328
17.84 0.0014499929268637715
17.9 0.0008487763474324516
17.96 0.0010609704342905645
18.02 0.0012024331588626398
18.08 0.000778044985146414
18.14 0.0009902390720045269
18.2 0.0007073136228603763
18.259999999999998 0.0009195077097184891
18.32 0.0009195077097184891
18.38 0.000778044985146414
18.439999999999998 0.0010256047531475457
18.5 0.0006719479417173575
18.56 0.0006012165794313199
18.62 0.0006365822605743387
18.68 0.0007073136228603763
18.740000000000002 0.0006719479417173575
18.8 0.00045975385485924456
18.86 0.00045975385485924456
18.92 0.000778044985146414
18.98 0.00045975385485924456
19.04 0.00045975385485924456
19.1 0.0004951195360022634
19.16 0.00045975385485924456
19.22 0.0007073136228603763
19.28 0.00031829113028716935
19.34 0.0
19.4 0.0
19.46 0.0
19.52 0.0
19.58 0.0
19.64 0.0
19.7 0.0
19.759999999999998 0.0
19.82 0.0
19.88 0.0
19.939999999999998 0.0
19.999999999999996
***
19.333333333333332
90.66666666666667
14.0 0.0
14.06 0.0
14.12 0.0
14.18 0.0
14.24 0.0
14.3 0.0
14.36 0.0
14.42 0.0
14.48 0.0
14.54 0.0
14.6 0.0
14.66 0.0
14.72 0.0
14.78 0.0
14.84 0.0
14.9 0.0
14.96 0.0
15.02 0.0
15.08 0.0
15.14 0.0
15.2 0.0
15.26 0.0
15.32 0.0
15.379999999999999 0.0
15.44 0.0
15.5 0.0
15.56 0.0
15.62 0.0
15.68 0.0
15.74 4.8633401420095325e-05
15.8 0.0
15.86 0.0
15.92 0.0
15.98 0.0
16.04 4.8633401420095325e-05
16.1 4.8633401420095325e-05
16.16 0.0
16.22 4.8633401420095325e-05
16.28 4.8633401420095325e-05
16.34 0.0
16.4 4.8633401420095325e-05
16.46 9.726680284019065e-05
16.52 4.8633401420095325e-05
16.58 0.0001945336056803813
16.64 0.0003890672113607626
16.7 0.0001945336056803813
16.759999999999998 0.00048633401420095323
16.82 0.0006808676198813345
16.88 0.0006808676198813345
16.94 0.0009726680284019065
17.0 0.0012644684369224784
17.06 0.0006322342184612392
17.12 0.0011185682326621924
17.18 0.0017021690497033362
17.24 0.0011672016340822876
17.3 0.0013131018383425736
17.36 0.001069934831242097
17.42 0.0014590020426028597
17.48 0.0011672016340822876
17.54 0.0017508024511234317
17.6 0.001069934831242097
17.66 0.001069934831242097
17.72 0.0011672016340822876
17.78 0.0011672016340822876
17.84 0.001361735239762669
17.9 0.0016049022468631457
17.96 0.001653535648283241
18.02 0.001799435852543527
18.08 0.001361735239762669
18.14 0.0012644684369224784
18.2 0.0014103686411827644
18.259999999999998 0.0011672016340822876
18.32 0.0014103686411827644
18.38 0.0012644684369224784
18.439999999999998 0.001361735239762669
18.5 0.0008754012255617158
18.56 0.0012644684369224784
18.62 0.0014590020426028597
18.68 0.0007781344227215252
18.740000000000002 0.0011185682326621924
18.8 0.0009726680284019065
18.86 0.0012644684369224784
18.92 0.0006808676198813345
18.98 0.0006808676198813345
19.04 0.0006808676198813345
19.1 0.0012158350355023831
19.16 0.0005349674156210486
19.22 0.0009726680284019065
19.28 0.0004377006127808579
19.34 0.0
19.4 0.0
19.46 0.0
19.52 0.0
19.58 0.0
19.64 0.0
19.7 0.0
19.759999999999998 0.0
19.82 0.0
19.88 0.0
19.939999999999998 0.0
19.999999999999996
***
19.333333333333332
90.33333333333333
14.0 0.0
14.06 0.0
14.12 0.0
14.18 0.0
14.24 0.0
14.3 0.0
14.36 0.0
14.42 0.0
14.48 0.0
14.54 0.0
14.6 0.0
14.66 0.0
14.72 0.0
14.78 0.0
14.84 0.0
14.9 0.0
14.96 0.0
15.02 0.0
15.08 0.0
15.14 0.0
15.2 0.0
15.26 0.0
15.32 0.0
15.379999999999999 0.0
15.44 0.0
15.5 0.0
15.56 0.0
15.62 0.0
15.68 0.0
15.74 0.0
15.8 0.0
15.86 0.0
15.92 0.0
15.98 0.0
16.04 0.0
16.1 0.0
16.16 0.0
16.22 0.0
16.28 6.696578048617156e-05
16.34 0.00013393156097234312
16.4 0.0
16.46 6.696578048617156e-05
16.52 0.00020089734145851469
16.58 0.000468760463403201
16.64 0.0005357262438893725
16.7 0.0003348289024308578
16.759999999999998 0.0008705551463202304
16.82 0.00040179468291702937
16.88 0.001071452487778745
16.94 0.001071452487778745
17.0 0.0014732471706957744
17.06 0.001674144512154289
17.12 0.0006696578048617156
17.18 0.0016071787316681175
17.24 0.0014732471706957744
17.3 0.0018080760731266324
17.36 0.0028795285609053774
17.42 0.0020759391950713186
17.48 0.00214290497555749
17.54 0.0024107680975021762
17.6 0.002008973414585147
17.66 0.002008973414585147
17.72 0.0022098707560436618
17.78 0.002276836536529833
17.84 0.002343802317016005
17.9 0.001674144512154289
17.96 0.0014732471706957744
18.02 0.0012723498292372597
18.08 0.0020759391950713186
18.14 0.001540212951181946
18.2 0.0027455969999330343
18.259999999999998 0.0018080760731266324
18.32 0.0014732471706957744
18.38 0.001875041853612804
18.439999999999998 0.0014732471706957744
18.5 0.0018080760731266324
18.56 0.001540212951181946
18.62 0.001540212951181946
18.68 0.0012723498292372597
18.740000000000002 0.001540212951181946
18.8 0.001071452487778745
18.86 0.0011384182682649166
18.92 0.0012053840487510881
18.98 0.001071452487778745
19.04 0.000937520926806402
19.1 0.0012723498292372597
19.16 0.0007366235853478872
19.22 0.0012053840487510881
19.28 0.0006026920243755441
19.34 0.0
19.4 0.0
19.46 0.0
19.52 0.0
19.58 0.0
19.64 0.0
19.7 0.0
19.759999999999998 0.0
19.82 0.0
19.88 0.0
19.939999999999998 0.0
19.999999999999996
***
19.666666666666668
91.0
14.0 0.0
14.06 0.0
14.12 0.0
14.18 0.0
14.24 0.0
14.3 0.0
14.36 0.0
14.42 0.0
14.48 0.0
14.54 0.0
14.6 0.0
14.66 0.0
14.72 0.0
14.78 0.0
14.84 0.0
14.9 0.0
14.96 0.0
15.02 0.0
15.08 0.0
15.14 0.0
15.2 0.0
15.26 0.0
15.32 0.0
15.379999999999999 0.0
15.44 0.0
15.5 0.0
15.56 0.0
15.62 0.0
15.68 0.0
15.74 0.0
15.8 0.0
15.86 0.0
15.92 0.0
15.98 0.0
16.04 0.0
16.1 0.0
16.16 3.928501276762915e-05
16.22 3.928501276762915e-05
16.28 0.0
16.34 3.928501276762915e-05
16.4 0.0002357100766057749
16.46 3.928501276762915e-05
16.52 0.0002357100766057749
16.58 0.0001571400510705166
16.64 0.00027499508937340407
16.7 0.00027499508937340407
16.759999999999998 0.0005892751915144372
16.82 0.0003142801021410332
16.88 0.0004714201532115498
16.94 0.0007464152425849538
17.0 0.0008642702808878413
17.06 0.000785700255352583
17.12 0.0011785503830288745
17.18 0.0008249852681202121
17.24 0.001060695344725987
17.3 0.000785700255352583
17.36 0.0007464152425849538
17.42 0.0008642702808878413
17.48 0.0011785503830288745
17.54 0.0006285602042820664
17.6 0.0006285602042820664
17.66 0.0008249852681202121
17.72 0.001060695344725987
17.78 0.001335690434099391
17.84 0.0011392653702612453
17.9 0.0006678452170496955
17.96 0.0012178353957965037
18.02 0.0010999803574936163
18.08 0.0006285602042820664
18.14 0.000785700255352583
18.2 0.0009821253191907287
18.259999999999998 0.0010214103319583579
18.32 0.0005892751915144372
18.38 0.000785700255352583
18.439999999999998 0.0009428403064230996
18.5 0.0010214103319583579
18.56 0.0006678452170496955
18.62 0.0007071302298173247
18.68 0.0005107051659791789
18.740000000000002 0.0008249852681202121
18.8 0.0007071302298173247
18.86 0.0007071302298173247
18.92 0.0005499901787468081
18.98 0.0005107051659791789
19.04 0.000785700255352583
19.1 0.0008642702808878413
19.16 0.0006678452170496955
19.22 0.0004714201532115498
19.28 0.0006285602042820664
19.34 0.0005107051659791789
19.4 0.0003928501276762915
19.46 0.0007071302298173247
19.52 0.0005499901787468081
19.58 0.0003928501276762915
19.64 3.928501276762915e-05
19.7 0.0
19.759999999999998 0.0
19.82 0.0
19.88 0.0
19.939999999999998 0.0
19.999999999999996
***
19.666666666666668
90.66666666666667
14.0 0.0
14.06 0.0
14.12 0.0
14.18 0.0
14.24 0.0
14.3 0.0
14.36 0.0
14.42 0.0
14.48 0.0
14.54 0.0
14.6 0.0
14.66 0.0
14.72 0.0
14.78 0.0
14.84 0.0
14.9 0.0
14.96 0.0
15.02 0.0
15.08 0.0
15.14 0.0
15.2 0.0
15.26 0.0
15.32 0.0
15.379999999999999 0.0
15.44 0.0
15.5 0.0
15.56 0.0
15.62 0.0
15.68 0.0
15.74 0.0
15.8 0.0
15.86 0.0
15.92 0.0
15.98 0.0
16.04 0.0
16.1 0.0
16.16 0.0
16.22 0.0
16.28 0.0
16.34 0.0
16.4 5.921013677541595e-05
16.46 0.0002368405471016638
16.52 0.0002368405471016638
16.58 0.00017763041032624785
16.64 0.0002368405471016638
16.7 0.0002368405471016638
16.759999999999998 0.0007697317780804073
16.82 0.00041447095742791165
16.88 0.0005921013677541595
16.94 0.001243412872283735
17.0 0.0008289419148558233
17.06 0.0010657824619574872
17.12 0.001243412872283735
17.18 0.001184202735508319
17.24 0.0006513115045295755
17.3 0.0015394635561608147
17.36 0.001184202735508319
17.42 0.0017763041032624785
17.48 0.0018355142400378944
17.54 0.0010657824619574872
17.6 0.0016578838297116466
17.66 0.0017763041032624785
17.72 0.0018947243768133103
17.78 0.0019539345135887263
17.84 0.002072354787139558
17.9 0.0017763041032624785
17.96 0.0015986736929362306
18.02 0.0015394635561608147
18.08 0.001184202735508319
18.14 0.0008289419148558233
18.2 0.0013618331458345669
18.259999999999998 0.001184202735508319
18.32 0.0014210432826099828
18.38 0.0014802534193853988
18.439999999999998 0.001302623009059151
18.5 0.001184202735508319
18.56 0.0008289419148558233
18.62 0.0014802534193853988
18.68 0.0014802534193853988
18.740000000000002 0.0010657824619574872
18.8 0.0010657824619574872
18.86 0.001302623009059151
18.92 0.001243412872283735
18.98 0.0010065723251820712
19.04 0.0007697317780804073
19.1 0.0010657824619574872
19.16 0.0008881520516312392
19.22 0.0007697317780804073
19.28 0.001184202735508319
19.34 0.0005921013677541595
19.4 0.0006513115045295755
19.46 0.0008289419148558233
19.52 0.0004736810942033276
19.58 0.0003552608206524957
19.64 0.00029605068387707976
19.7 0.0
19.759999999999998 0.0
19.82 0.0
19.88 0.0
19.939999999999998 0.0
19.999999999999996
***
19.666666666666668
90.33333333333333
14.0 0.0
14.06 0.0
14.12 0.0
14.18 0.0
14.24 0.0
14.3 0.0
14.36 0.0
14.42 0.0
14.48 0.0
14.54 0.0
14.6 0.0
14.66 0.0
14.72 0.0
14.78 0.0
14.84 0.0
14.9 0.0
14.96 0.0
15.02 0.0
15.08 0.0
15.14 0.0
15.2 0.0
15.26 0.0
15.32 0.0
15.379999999999999 0.0
15.44 0.0
15.5 0.0
15.56 0.0
15.62 0.0
15.68 0.0
15.74 0.0
15.8 0.0
15.86 0.0
15.92 0.0
15.98 0.0
16.04 0.0
16.1 0.0
16.16 8.54920064973925e-05
16.22 8.54920064973925e-05
16.28 0.0
16.34 0.000170984012994785
16.4 0.0
16.46 0.00068393605197914
16.52 0.000170984012994785
16.58 0.00042746003248696245
16.64 0.00025647601949217746
16.7 0.0007694280584765325
16.759999999999998 0.0011113960844661025
16.82 0.0011113960844661025
16.88 0.001538856116953065
16.94 0.0008549200649739249
17.0 0.0014533641104556723
17.06 0.0017953321364452424
17.12 0.0026502522014191674
17.18 0.0021373001624348125
17.24 0.0020518081559374197
17.3 0.0020518081559374197
17.36 0.002222792168932205
17.42 0.0023082841754295974
17.48 0.002479268188424382
17.54 0.0019663161494400273
17.6 0.0020518081559374197
17.66 0.0036761562793878773
17.72 0.002222792168932205
17.78 0.0023937761819269898
17.84 0.0031632042404035224
17.9 0.0025647601949217746
17.96 0.002479268188424382
18.02 0.0017953321364452424
18.08 0.0021373001624348125
18.14 0.002479268188424382
18.2 0.0014533641104556723
18.259999999999998 0.0018808241429426348
18.32 0.0025647601949217746
18.38 0.002222792168932205
18.439999999999998 0.002222792168932205
18.5 0.0018808241429426348
18.56 0.0023937761819269898
18.62 0.00136787210395828
18.68 0.0019663161494400273
18.740000000000002 0.0023082841754295974
18.8 0.0018808241429426348
18.86 0.001538856116953065
18.92 0.0010259040779687098
18.98 0.0023937761819269898
19.04 0.0014533641104556723
19.1 0.0019663161494400273
19.16 0.0014533641104556723
19.22 0.0018808241429426348
19.28 0.0014533641104556723
19.34 0.00136787210395828
19.4 0.001538856116953065
19.46 0.0008549200649739249
19.52 0.0014533641104556723
19.58 0.0011113960844661025
19.64 0.00034196802598957
19.7 0.0
19.759999999999998 0.0
19.82 0.0
19.88 0.0
19.939999999999998 0.0
19.999999999999996
***
20.0
91.0
14.0 0.0
14.06 0.0
14.12 0.0
14.18 0.0
14.24 0.0
14.3 0.0
14.36 0.0
14.42 0.0
14.48 0.0
14.54 0.0
14.6 0.0
14.66 0.0
14.72 0.0
14.78 0.0
14.84 0.0
14.9 0.0
14.96 0.0
15.02 0.0
15.08 0.0
15.14 0.0
15.2 0.0
15.26 0.0
15.32 0.0
15.379999999999999 0.0
15.44 0.0
15.5 0.0
15.56 0.0
15.62 0.0
15.68 0.0
15.74 0.0
15.8 4.146624647536905e-05
15.86 0.0
15.92 0.0
15.98 0.0
16.04 4.146624647536905e-05
16.1 0.0
16.16 0.0
16.22 0.0
16.28 4.146624647536905e-05
16.34 4.146624647536905e-05
16.4 0.0
16.46 4.146624647536905e-05
16.52 0.00012439873942610716
16.58 0.0001658649859014762
16.64 0.00029026372532758334
16.7 0.0002487974788522143
16.759999999999998 0.0001658649859014762
16.82 0.0003731962182783214
16.88 0.0005805274506551667
16.94 0.0008707911759827501
17.0 0.000829324929507381
17.06 0.0008707911759827501
17.12 0.0006634599436059048
17.18 0.0008707911759827501
17.24 0.0007049261900812739
17.3 0.000829324929507381
17.36 0.0007878586830320119
17.42 0.0007049261900812739
17.48 0.0012854536407364405
17.54 0.0009122574224581191
17.6 0.0012854536407364405
17.66 0.0007878586830320119
17.72 0.0010781224083595952
17.78 0.000829324929507381
17.84 0.0010781224083595952
17.9 0.0011195886548349644
17.96 0.0009122574224581191
18.02 0.0009951899154088573
18.08 0.000829324929507381
18.14 0.0009537236689334881
18.2 0.0007878586830320119
18.259999999999998 0.000829324929507381
18.32 0.0009122574224581191
18.38 0.0008707911759827501
18.439999999999998 0.0008707911759827501
18.5 0.0008707911759827501
18.56 0.0007878586830320119
18.62 0.0006219936971305357
18.68 0.0006634599436059048
18.740000000000002 0.0007049261900812739
18.8 0.0009122574224581191
18.86 0.0008707911759827501
18.92 0.0007463924365566429
18.98 0.0004146624647536905
19.04 0.0006634599436059048
19.1 0.0003731962182783214
19.16 0.0004975949577044286
19.22 0.00029026372532758334
19.28 0.0005805274506551667
19.34 0.0004146624647536905
19.4 0.0003731962182783214
19.46 0.0002487974788522143
19.52 0.00029026372532758334
19.58 0.00029026372532758334
19.64 0.0004975949577044286
19.7 0.0004975949577044286
19.759999999999998 0.0001658649859014762
19.82 0.0003317299718029524
19.88 0.0003317299718029524
19.939999999999998 0.0003731962182783214
19.999999999999996
***
20.0
90.66666666666667
14.0 0.0
14.06 0.0
14.12 0.0
14.18 0.0
14.24 0.0
14.3 0.0
14.36 0.0
14.42 0.0
14.48 0.0
14.54 0.0
14.6 0.0
14.66 0.0
14.72 0.0
14.78 0.0
14.84 0.0
14.9 0.0
14.96 0.0
15.02 0.0
15.08 0.0
15.14 0.0
15.2 0.0
15.26 0.0
15.32 0.0
15.379999999999999 0.0
15.44 0.0
15.5 0.0
15.56 0.0
15.62 0.0
15.68 0.0
15.74 0.0
15.8 0.0
15.86 0.0
15.92 0.0
15.98 0.0
16.04 0.0
16.1 0.0
16.16 6.44786897930234e-05
16.22 0.0
16.28 6.44786897930234e-05
16.34 6.44786897930234e-05
16.4 0.0001934360693790702
16.46 0.0001934360693790702
16.52 0.0002579147591720936
16.58 0.0005158295183441872
16.64 0.0003868721387581404
16.7 0.000644786897930234
16.759999999999998 0.0007092655877232575
16.82 0.0009027016571023276
16.88 0.001096137726481398
16.94 0.0008382229673093043
17.0 0.0018054033142046553
17.06 0.0012250951060674448
17.12 0.001418531175446515
17.18 0.0013540524856534915
17.24 0.0012250951060674448
17.3 0.0015474885550325617
17.36 0.001740924624411632
17.42 0.0019988393835837256
17.48 0.0018698820039976787
17.54 0.001289573795860468
17.6 0.0019343606937907022
17.66 0.001289573795860468
17.72 0.002256754142755819
17.78 0.0018698820039976787
17.84 0.0021277967631697725
17.9 0.001289573795860468
17.96 0.0010316590366883744
18.02 0.001289573795860468
18.08 0.0012250951060674448
18.14 0.0016119672448255851
18.2 0.0013540524856534915
18.259999999999998 0.0016764459346186086
18.32 0.001740924624411632
18.38 0.0007737442775162808
18.439999999999998 0.0010316590366883744
18.5 0.0008382229673093043
18.56 0.001289573795860468
18.62 0.0011606164162744213
18.68 0.0010316590366883744
18.740000000000002 0.0009671803468953511
18.8 0.0013540524856534915
18.86 0.001096137726481398
18.92 0.0014830098652395384
18.98 0.0007737442775162808
19.04 0.000644786897930234
19.1 0.0011606164162744213
19.16 0.0009671803468953511
19.22 0.0010316590366883744
19.28 0.0009027016571023276
19.34 0.0009027016571023276
19.4 0.000644786897930234
19.46 0.0007737442775162808
19.52 0.0009027016571023276
19.58 0.0005158295183441872
19.64 0.0005803082081372107
19.7 0.0009671803468953511
19.759999999999998 0.0007092655877232575
19.82 0.0004513508285511638
19.88 0.000322393448965117
19.939999999999998 0.0005158295183441872
19.999999999999996
***
20.0
90.33333333333333
14.0 0.0
14.06 0.0
14.12 0.0
14.18 0.0
14.24 0.0
14.3 0.0
14.36 0.0
14.42 0.0
14.48 0.0
14.54 0.0
14.6 0.0
14.66 0.0
14.72 0.0
14.78 0.0
14.84 0.0
14.9 0.0
14.96 0.0
15.02 0.0
15.08 0.0
15.14 0.0
15.2 0.0
15.26 0.0
15.32 0.0
15.379999999999999 0.0
15.44 0.0
15.5 0.0
15.56 0.0
15.62 0.0
15.68 0.0
15.74 0.0
15.8 0.0
15.86 0.0
15.92 0.0
15.98 0.0
16.04 0.0
16.1 0.0
16.16 0.0
16.22 0.0
16.28 0.0001091703056768559
16.34 0.0
16.4 0.0001091703056768559
16.46 0.0005458515283842794
16.52 0.0003275109170305677
16.58 0.0005458515283842794
16.64 0.0004366812227074236
16.7 0.0008733624454148472
16.759999999999998 0.000982532751091703
16.82 0.0006550218340611354
16.88 0.0006550218340611354
16.94 0.0015283842794759825
17.0 0.002074235807860262
17.06 0.0016375545851528383
17.12 0.002183406113537118
17.18 0.003165938864628821
17.24 0.0022925764192139736
17.3 0.0026200873362445414
17.36 0.002074235807860262
17.42 0.0029475982532751093
17.48 0.003165938864628821
17.54 0.0017467248908296944
17.6 0.0034934497816593887
17.66 0.003056768558951965
17.72 0.0028384279475982535
17.78 0.003930131004366812
17.84 0.0028384279475982535
17.9 0.0018558951965065502
17.96 0.0018558951965065502
18.02 0.0037117903930131003
18.08 0.0026200873362445414
18.14 0.003056768558951965
18.2 0.003056768558951965
18.259999999999998 0.003930131004366812
18.32 0.0027292576419213972
18.38 0.003056768558951965
18.439999999999998 0.0018558951965065502
18.5 0.0025109170305676856
18.56 0.0018558951965065502
18.62 0.0025109170305676856
18.68 0.001965065502183406
18.740000000000002 0.0015283842794759825
18.8 0.0022925764192139736
18.86 0.0016375545851528383
18.92 0.002074235807860262
18.98 0.000982532751091703
19.04 0.0015283842794759825
19.1 0.0017467248908296944
19.16 0.0017467248908296944
19.22 0.0013100436681222707
19.28 0.001965065502183406
19.34 0.001091703056768559
19.4 0.001091703056768559
19.46 0.0013100436681222707
19.52 0.000982532751091703
19.58 0.0013100436681222707
19.64 0.0007641921397379913
19.7 0.001091703056768559
19.759999999999998 0.0008733624454148472
19.82 0.001091703056768559
19.88 0.0007641921397379913
19.939999999999998 0.001200873362445415
19.999999999999996
