6 1.79554e-07
6.05 1.62298e-07
6.1 1.42936e-07
6.15 1.21212e-07
6.2 9.68365e-08
6.25 8.87324e-08
6.3 7.96395e-08
6.35 6.94371e-08
6.4 5.79898e-08
6.45 5.35554e-08
6.5 4.85799e-08
6.55 4.29974e-08
6.6 3.67336e-08
6.65 3.37597e-08
6.7 3.04228e-08
6.75 2.66788e-08
6.8 2.24779e-08
6.85 2.08334e-08
6.9 1.89883e-08
6.95 1.69179e-08
7 1.4595e-08
7.05 1.35909e-08
7.1 1.24644e-08
7.15 1.12003e-08
7.2 9.78208e-09
7.25 9.17673e-09
7.3 8.49752e-09
7.35 7.73543e-09
7.4 6.88035e-09
7.45 6.53882e-09
7.5 6.15562e-09
7.55 5.72566e-09
7.6 5.24324e-09
7.65 5.00441e-09
7.7 4.73644e-09
7.75 4.43577e-09
7.8 4.09841e-09
7.85 3.95198e-09
7.9 3.78767e-09
7.95 3.60331e-09
8 3.39646e-09
8.05 3.30826e-09
8.1 3.20929e-09
8.15 3.09825e-09
8.2 2.97366e-09
8.25 2.95149e-09
8.3 2.92662e-09
8.35 2.89872e-09
8.4 2.8674e-09
8.45 2.87323e-09
8.5 2.87977e-09
8.55 2.88711e-09
8.6 2.89534e-09
8.65 2.95969e-09
8.7 3.0319e-09
8.75 3.11291e-09
8.8 3.20381e-09
8.85 3.32722e-09
8.9 3.46569e-09
8.95 3.62105e-09
9 3.79537e-09
9.05 3.99959e-09
9.1 4.22872e-09
9.15 4.48582e-09
9.2 4.77428e-09
9.25 5.11782e-09
9.3 5.50328e-09
9.35 5.93577e-09
9.4 6.42103e-09
9.45 6.9477e-09
9.5 7.53863e-09
9.55 8.20167e-09
9.6 8.94561e-09
9.65 9.98981e-09
9.7 1.11614e-08
9.75 1.2476e-08
9.8 1.3951e-08
9.85 1.52826e-08
9.9 1.67767e-08
9.95 1.84531e-08
10 2.0334e-08
10.05 2.2788e-08
10.1 2.55414e-08
10.15 2.86308e-08
10.2 3.20971e-08
10.25 3.84713e-08
10.3 4.56233e-08
10.35 5.3648e-08
10.4 6.26518e-08
10.45 6.80757e-08
10.5 7.41614e-08
10.55 8.09897e-08
10.6 8.86511e-08
10.65 1.03317e-07
10.7 1.19773e-07
10.75 1.38236e-07
10.8 1.58953e-07
10.85 1.8869e-07
10.9 2.22056e-07
10.95 2.59493e-07
